+-+-+-+-+-+-+-+-+-+-+-+-+-+-+ GRAFO CARGADO +-+-+-+-+-+-+-+-+-+-+-+-+-+-+-
        1         2         3         4         5         6         7         8         9         10        11        12        13        14        15        16        17        18        19        20        21        22        23        24        25        26        27        28        29        30        31        32        33        34        35        36        37        38        39        40        41        42        43        44        45        46        47        48        49        50        51        52        53        54        55        56        57        58        59        60        61        62        63        64        65        66        67        68        69        70        71        72        73        74        75        76        77        78        79        80        81        82        83        84        85        86        87        88        89        90        91        92        93        94        95        96        97        98        99        100        101        102        103        104        105        106        107        108        109        110        111        112        113        114        115        116        117        118        119        120        121
1     0         46.487    44.598    45.177    45.651    43.417    42.19    43.267    50.912    45.486    45.793    47.17    53.759    50.0    51.039    49.396    74.095    73.062    16.643    76.662    74.706    73.348    79.925    76.942    80.777    79.756    76.922    83.355    81.413    85.44    85.088    84.119    82.292    86.954    86.77    83.63    85.866    76.105    76.007    76.007    75.664    79.025    79.006    79.31    82.055    82.298    84.054    84.006    84.054    86.052    89.006    89.14    80.957    82.298    83.193    85.0    86.954    84.581    87.235    86.163    90.824    90.874    91.706    93.941    93.472    91.924    99.282    46.615    53.151    47.17    48.877    53.263    56.851    52.345    55.317    56.851    53.74    56.569    58.728    60.141    62.936    10.0    5.0    17.0    12.207    9.22    6.403    5.831    3.162    9.434    12.53    11.18    8.944    10.05    12.042    6.0    10.0    15.0    22.361    11.18    13.416    8.944    6.708    14.142    11.314    6.403    7.81    10.817    21.633    24.042    20.616    5.831    10.296    16.125    17.0    20.025    16.553    13.416    18.028    7.071    7.071    
2     46.487    0         2.0    7.211    8.062    8.485    10.63    12.042    22.472    11.662    10.296    10.77    22.561    15.524    14.142    11.18    48.26    48.508    35.014    51.245    51.788    52.393    53.038    53.6    54.037    54.148    54.918    57.035    57.315    66.491    59.034    59.135    59.54    60.0    62.129    60.407    62.29    72.945    74.632    75.802    80.722    76.551    78.237    81.835    78.549    84.202    80.262    81.302    83.487    81.988    86.608    88.752    98.005    100.439    100.0    103.228    106.508    100.424    105.209    100.005    108.6    105.759    107.299    111.212    109.481    105.551    114.978    82.873    82.861    84.593    86.579    87.098    90.471    84.646    88.527    90.471    85.165    87.641    90.521    89.811    93.606    37.162    41.785    29.833    34.928    38.079    40.522    42.202    43.324    39.623    38.21    39.319    40.608    43.29    43.105    44.911    44.283    44.0    54.231    49.254    50.09    48.508    47.854    54.231    52.469    50.22    50.99    53.759    32.14    37.855    49.254    40.804    36.401    30.806    36.0    45.277    51.0    33.242    34.0    43.829    52.924    
3     44.598    2.0    0         6.325    7.28    7.211    9.22    10.817    21.84    10.77    9.487    10.198    22.204    15.133    14.0    11.0    48.094    48.26    33.015    51.088    51.478    51.971    53.0    53.339    54.0    54.037    54.589    57.0    57.14    66.098    59.0    59.034    59.304    60.033    62.032    60.208    62.129    71.868    73.498    74.632    79.398    75.472    77.104    80.604    77.524    83.006    79.259    80.262    82.377    81.006    85.586    87.664    96.4    98.813    98.407    101.607    104.862    98.858    103.6    98.494    107.005    104.235    105.759    109.636    107.935    104.062    113.455    80.895    80.957    82.608    84.593    85.147    88.527    82.71    86.585    88.527    83.241    85.726    88.6    87.92    91.706    35.341    39.925    27.893    32.985    36.139    38.601    40.262    41.437    37.656    36.222    37.336    38.639    41.304    41.11    42.953    42.297    42.0    52.24    47.265    48.094    46.53    45.891    52.24    50.488    48.27    49.031    51.788    30.15    35.903    47.265    38.897    34.482    28.862    34.0    43.29    49.0    31.321    32.0    42.059    51.078    
4     45.177    7.211    6.325    0         1.0    2.0    4.123    5.0    15.524    4.472    3.162    4.0    16.031    9.0    8.246    5.385    42.012    42.107    31.78    45.011    45.277    45.706    47.043    47.17    48.042    48.0    48.374    51.039    51.039    59.841    53.038    53.0    53.151    54.148    56.0    54.083    56.036    65.734    67.424    68.6    73.593    69.34    71.028    74.653    71.344    77.006    73.062    74.095    76.276    74.793    79.404    81.541    91.263    93.744    93.231    96.519    99.86    93.6    98.473    93.086    101.833    98.858    100.424    104.403    102.616    98.595    108.074    78.23    77.369    80.1    82.098    82.037    85.329    79.429    83.361    85.329    79.831    82.225    85.147    84.202    88.057    36.62    40.817    28.178    33.106    36.249    38.91    40.311    42.059    37.336    35.44    36.688    38.275    40.522    40.025    42.72    41.485    40.447    50.01    46.325    46.872    45.88    45.541    51.196    49.729    48.104    48.703    51.245    28.16    33.061    45.011    39.357    34.886    29.069    32.558    41.012    47.381    31.765    30.594    43.6    51.971    
5     45.651    8.062    7.28    1.0    0         2.236    4.0    4.472    14.56    3.606    2.236    3.0    15.033    8.0    7.28    4.472    41.012    41.11    32.016    44.011    44.283    44.721    46.043    46.174    47.043    47.0    47.381    50.04    50.04    58.856    52.038    52.0    52.154    53.151    55.0    53.085    55.036    64.9    66.611    67.801    72.863    68.505    70.214    73.878    70.491    76.217    72.201    73.246    75.452    73.926    78.549    80.709    90.697    93.193    92.655    95.964    99.323    93.005    97.908    92.455    101.257    98.234    99.81    103.812    102.005    97.949    107.448    78.16    77.13    80.056    82.055    81.884    85.159    79.246    83.187    85.159    79.624    82.0    84.929    83.934    87.801    37.202    41.34    28.653    33.541    36.674    39.357    40.719    42.544    37.696    35.735    37.0    38.626    40.804    40.262    43.081    41.761    40.608    50.04    46.573    47.074    46.174    45.88    51.42    50.0    48.466    49.041    51.546    28.284    33.015    45.044    39.825    35.355    29.53    32.757    41.049    47.518    32.249    30.806    44.204    52.479    
6     43.417    8.485    7.211    2.0    2.236    0         2.236    3.606    15.133    4.0    3.162    4.472    16.031    9.22    8.944    6.403    42.012    42.012    29.833    45.011    45.1    45.398    47.17    47.043    48.166    48.042    48.166    51.157    51.0    59.54    53.151    53.038    53.038    54.332    56.036    54.009    56.0    64.661    66.287    67.424    72.25    68.264    69.893    73.41    70.328    75.802    72.069    73.062    75.166    73.824    78.39    80.455    89.627    92.087    91.608    94.868    98.184    92.005    96.835    91.548    100.21    97.309    98.858    102.801    101.045    97.082    106.527    76.236    75.432    78.102    80.1    80.062    83.361    77.466    81.394    83.361    77.878    80.281    83.199    82.28    86.128    35.0    39.115    26.42    31.305    34.438    37.121    38.484    40.311    35.468    33.526    34.785    36.401    38.601    38.079    40.853    39.56    38.471    48.01    44.385    44.911    43.966    43.658    49.244    47.802    46.239    46.819    49.336    26.173    31.064    43.012    37.59    33.121    27.295    30.594    39.013    45.398    30.017    28.636    42.012    50.249    
7     42.19    10.63    9.22    4.123    4.0    2.236    0         2.0    14.0    3.606    3.606    5.0    15.297    8.944    9.22    7.211    41.11    41.012    28.16    44.102    44.011    44.181    46.39    46.0    47.381    47.17    47.043    50.359    50.04    58.31    52.345    52.154    52.0    53.6    55.145    53.009    55.036    62.769    64.351    65.46    70.178    66.37    67.956    71.4    68.476    73.817    70.235    71.197    73.246    72.007    76.538    78.549    87.419    89.872    89.404    92.655    95.964    89.811    94.626    89.376    98.005    95.131    96.675    100.603    98.858    94.921    104.35    74.169    73.246    76.059    78.058    77.929    81.216    75.313    79.246    81.216    75.71    78.102    81.025    80.081    83.934    34.059    38.013    25.239    30.017    33.121    35.847    37.121    39.115    34.015    31.953    33.242    34.928    37.0    36.401    39.395    37.947    36.674    46.043    42.72    43.174    42.379    42.154    47.539    46.174    44.777    45.31    47.76    24.331    29.017    41.049    36.359    31.906    26.077    28.862    37.054    43.566    28.844    26.926    41.11    49.092    
8     43.267    12.042    10.817    5.0    4.472    3.606    2.0    0         12.0    2.236    3.0    4.123    13.342    7.211    7.81    6.325    39.115    39.013    28.792    42.107    42.012    42.19    44.407    44.0    45.398    45.177    45.044    48.374    48.042    56.321    50.359    50.16    50.0    51.624    53.151    51.01    53.038    61.057    62.682    63.82    68.68    64.661    66.287    69.814    66.731    72.201    68.476    69.462    71.561    70.235    74.793    76.851    86.267    88.752    88.233    91.526    94.874    88.6    93.477    88.091    96.835    93.862    95.425    99.403    97.617    93.606    103.078    74.061    72.78    76.007    78.006    77.647    80.895    74.967    78.918    80.895    75.313    77.666    80.604    79.555    83.433    35.384    39.205    26.401    31.064    34.132    36.892    38.079    40.224    34.886    32.696    34.015    35.777    37.696    37.0    40.249    38.626    37.108    46.174    43.324    43.681    43.081    42.953    48.083    46.819    45.618    46.098    48.466    24.739    29.017    41.195    37.443    33.015    27.203    29.411    37.216    43.932    30.0    27.514    42.45    50.22    
9     50.912    22.472    21.84    15.524    14.56    15.133    14.0    12.0    0         11.18    12.369    11.705    3.162    7.211    9.22    11.662    27.166    27.019    34.828    30.15    30.017    30.265    32.558    32.0    33.541    33.242    33.061    36.497    36.056    44.407    38.471    38.21    38.0    39.812    41.195    39.013    41.049    51.225    53.151    54.489    60.308    54.818    56.727    60.811    56.613    62.968    58.249    59.405    61.847    59.908    64.637    67.007    80.062    82.735    81.884    85.422    89.0    81.988    87.235    80.994    90.427    86.822    88.51    92.785    90.736    86.267    95.964    74.545    71.113    76.792    78.772    77.026    80.0    74.0    78.0    80.0    74.027    76.105    79.101    77.414    81.394    44.407    47.508    35.0    38.949    41.725    44.553    45.277    48.104    41.773    39.051    40.46    42.521    43.6    42.438    46.861    44.407    41.677    48.703    48.549    48.374    48.826    49.204    52.839    52.154    52.01    52.202    54.083    30.0    31.78    44.011    45.277    41.11    35.609    35.0    40.311    47.854    38.419    33.422    51.4    57.983    
10    45.486    11.662    10.77    4.472    3.606    4.0    3.606    2.236    11.18    0         1.414    2.0    12.042    5.385    5.657    4.123    38.013    38.013    31.016    41.012    41.11    41.437    43.186    43.046    44.181    44.045    44.181    47.17    47.0    55.579    49.163    49.041    49.041    50.359    52.038    50.01    52.0    61.294    63.008    64.203    69.311    64.9    66.611    70.292    66.888    72.622    68.6    69.642    71.847    70.328    74.947    77.104    87.367    89.889    89.308    92.65    96.042    89.627    94.578    89.022    97.908    94.81    96.4    100.439    98.6    94.493    104.019    76.026    74.525    78.0    80.0    79.511    82.735    76.792    80.753    82.735    77.104    79.429    82.377    81.253    85.147    37.537    41.4    28.601    33.287    36.359    39.115    40.311    42.438    37.121    34.928    36.249    38.013    39.925    39.217    42.485    40.853    39.294    48.26    45.541    45.88    45.31    45.188    50.289    49.041    47.854    48.332    50.695    26.926    31.064    43.29    39.661    35.228    29.411    31.623    39.319    46.098    32.202    29.732    44.598    52.431    
11    45.793    10.296    9.487    3.162    2.236    3.162    3.606    3.0    12.369    1.414    0         1.414    13.0    6.083    5.831    3.606    39.0    39.051    31.623    42.0    42.19    42.579    44.102    44.102    45.1    45.011    45.277    48.094    48.01    56.719    50.09    50.01    50.09    51.245    53.009    51.039    53.009    62.682    64.405    65.605    70.725    66.287    68.007    71.701    68.264    74.027    69.971    71.021    73.239    71.694    76.322    78.492    88.752    91.269    90.697    94.032    97.417    91.022    95.964    90.427    99.298    96.213    97.801    101.833    100.0    95.901    105.423    77.058    75.71    79.006    81.006    80.623    83.863    77.929    81.884    83.863    78.262    80.604    83.546    82.462    86.348    37.643    41.617    28.844    33.615    36.715    39.446    40.706    42.72    37.577    35.468    36.77    38.484    40.497    39.85    42.953    41.437    40.025    49.163    46.174    46.573    45.88    45.695    50.961    49.649    48.332    48.847    51.264    27.659    32.016    44.181    39.962    35.511    29.682    32.28    40.2    46.872    32.45    30.364    44.688    52.697    
12    47.17    10.77    10.198    4.0    3.0    4.472    5.0    4.123    11.705    2.0    1.414    0         12.042    5.0    4.472    2.236    38.013    38.118    32.894    41.012    41.304    41.773    43.046    43.186    44.045    44.0    44.407    47.043    47.043    55.902    49.041    49.0    49.163    50.16    52.0    50.09    52.038    62.426    64.203    65.437    70.711    66.03    67.801    71.589    67.956    73.878    69.642    70.725    73.007    71.344    76.007    78.237    89.045    91.586    90.973    94.34    97.755    91.263    96.255    90.604    99.569    96.4    98.005    102.078    100.21    96.047    105.603    78.026    76.485    80.0    82.0    81.498    84.717    78.772    82.735    84.717    79.076    81.394    84.345    83.199    87.098    39.051    43.012    30.232    34.986    38.079    40.817    42.059    44.102    38.91    36.77    38.079    39.812    41.785    41.11    44.283    42.72    41.231    50.249    47.434    47.802    47.17    47.011    52.202    50.922    49.659    50.16    52.555    28.862    33.061    45.277    41.34    36.892    31.064    33.526    41.304    48.052    33.838    31.623    46.098    54.083    
13    53.759    22.561    22.204    16.031    15.033    16.031    15.297    13.342    3.162    12.042    13.0    12.042    0         7.071    8.544    11.402    26.0    26.077    37.802    29.0    29.275    29.833    31.145    31.145    32.14    32.016    32.388    35.128    35.014    43.932    37.121    37.014    37.121    38.328    40.012    38.053    40.012    52.402    54.452    55.866    62.008    55.973    58.0    62.29    57.628    64.351    59.203    60.44    63.032    60.803    65.605    68.118    82.292    85.0    84.077    87.664    91.285    84.119    89.443    83.006    92.59    88.837    90.554    94.895    92.785    88.204    97.944    77.647    74.061    79.906    81.884    80.056    83.006    77.006    81.006    83.006    77.006    79.057    82.055    80.306    84.291    47.011    50.249    37.643    41.725    44.553    47.381    48.166    50.912    44.688    42.012    43.417    45.453    46.615    45.486    49.82    47.434    44.777    51.865    51.624    51.478    51.865    52.202    55.946    55.227    55.0    55.218    57.14    33.015    34.928    47.17    48.083    43.863    38.288    38.013    43.463    50.99    41.11    36.401    54.037    60.828    
14    50.0    15.524    15.133    9.0    8.0    9.22    8.944    7.211    7.211    5.385    6.083    5.0    7.071    0         2.236    4.472    33.015    33.136    34.886    36.014    36.346    36.878    38.053    38.21    39.051    39.0    39.459    42.048    42.048    50.99    44.045    44.0    44.181    45.177    47.0    45.1    47.043    58.412    60.308    61.62    67.268    62.008    63.891    67.897    63.82    70.093    65.46    66.611    69.029    67.119    71.847    74.202    86.452    89.067    88.323    91.788    95.294    88.51    93.648    87.658    96.897    93.477    95.131    99.323    97.35    93.005    102.65    78.058    75.664    80.156    82.152    81.099    84.214    78.23    82.219    84.214    78.409    80.623    83.6    82.201    86.145    42.426    46.098    33.302    37.802    40.804    43.6    44.654    47.011    41.34    38.949    40.311    42.19    43.829    42.953    46.648    44.721    42.72    50.99    49.244    49.396    49.193    49.244    53.852    52.802    51.971    52.355    54.562    30.463    33.734    46.098    44.204    39.825    34.059    35.341    42.202    49.336    36.878    33.541    49.497    57.009    
15    51.039    14.142    14.0    8.246    7.28    8.944    9.22    7.81    9.22    5.657    5.831    4.472    8.544    2.236    0         3.0    34.132    34.366    36.249    37.121    37.656    38.328    39.0    39.459    40.0    40.05    40.792    43.0    43.186    52.393    45.0    45.044    45.398    46.043    48.042    46.271    48.166    60.44    62.37    63.702    69.426    64.031    65.947    70.007    65.803    72.18    67.424    68.6    71.063    69.065    73.817    76.217    88.685    91.302    90.554    94.021    97.529    90.736    95.88    89.872    99.126    95.692    97.35    101.548    99.569    95.21    104.862    80.025    77.782    82.098    84.095    83.15    86.284    80.306    84.291    86.284    80.505    82.735    85.709    84.345    88.284    43.186    47.011    34.205    38.833    41.881    44.654    45.793    48.01    42.544    40.249    41.593    43.417    45.188    44.385    47.885    46.098    44.272    52.773    50.695    50.922    50.567    50.537    55.362    54.231    53.235    53.666    55.946    31.953    35.511    47.854    45.222    40.804    35.0    36.77    43.932    50.961    37.802    34.928    50.249    58.009    
16    49.396    11.18    11.0    5.385    4.472    6.403    7.211    6.325    11.662    4.123    3.606    2.236    11.402    4.472    3.0    0         37.121    37.336    35.114    40.112    40.608    41.231    42.0    42.426    43.0    43.046    43.738    46.0    46.174    55.317    48.0    48.042    48.374    49.041    51.039    49.254    51.157    62.801    64.661    65.947    71.449    66.4    68.25    72.18    68.242    74.411    69.893    71.028    73.41    71.561    76.276    78.6    90.211    92.785    92.114    95.525    98.98    92.358    97.417    91.608    100.703    97.417    99.045    103.175    101.257    97.005    106.607    80.006    78.262    82.006    84.006    83.385    86.579    80.623    84.593    86.579    80.895    83.187    86.145    84.929    88.843    41.231    45.222    32.45    37.216    40.311    43.046    44.294    46.325    41.146    39.0    40.311    42.048    44.011    43.324    46.519    44.944    43.417    52.345    49.649    50.0    49.396    49.244    54.406    53.141    51.894    52.393    54.781    31.048    35.128    47.381    43.566    39.115    33.287    35.735    43.417    50.22    36.056    33.838    48.27    56.303    
17    74.095    48.26    48.094    42.012    41.012    42.012    41.11    39.115    27.166    38.013    39.0    38.013    26.0    33.015    34.132    37.121    0         2.0    57.454    3.0    5.0    7.616    5.831    5.831    6.708    6.083    7.81    9.487    9.055    19.235    11.402    11.045    11.402    13.0    14.036    12.166    14.036    37.336    40.162    42.059    50.448    40.311    43.081    48.703    40.706    49.769    41.677    43.417    46.957    42.72    47.707    51.108    74.673    77.647    75.954    79.906    83.863    75.313    81.216    73.007    83.744    78.588    80.523    85.376    82.71    77.201    86.977    85.0    77.492    87.664    89.471    85.094    87.281    81.597    85.381    87.281    80.957    82.28    85.165    82.225    86.122    69.354    71.589    60.008    63.063    65.368    68.096    68.264    71.694    64.661    61.587    62.968    65.192    65.215    63.6    69.065    65.803    61.847    65.192    68.884    68.015    69.814    70.803    72.18    72.346    73.6    73.41    74.518    52.479    51.225    61.522    68.964    65.299    60.415    57.14    58.728    66.483    63.071    56.08    76.026    80.994    
18    73.062    48.508    48.26    42.107    41.11    42.012    41.012    39.013    27.019    38.013    39.051    38.118    26.077    33.136    34.366    37.336    2.0    0         56.436    3.606    3.606    5.831    7.071    5.099    7.81    6.708    6.708    10.296    9.055    18.385    12.083    11.402    11.045    13.892    14.318    12.0    14.036    35.468    38.275    40.162    48.508    38.484    41.231    46.819    38.949    47.927    39.962    41.677    45.177    41.049    46.043    49.396    72.691    75.664    73.98    77.929    81.884    73.348    79.246    71.063    81.786    76.655    78.588    83.433    80.777    75.286    85.071    83.193    75.584    85.866    87.664    83.217    85.381    79.712    83.487    85.381    79.057    80.362    83.241    80.281    84.172    68.542    70.661    59.237    62.169    64.413    67.119    67.231    70.711    63.632    60.539    61.911    64.14    64.07    62.426    67.956    64.637    60.605    63.702    67.624    66.708    68.6    69.635    70.838    71.063    72.422    72.201    73.246    51.478    50.0    60.108    68.0    64.405    59.615    56.08    57.385    65.115    62.241    55.073    75.153    79.925    
19    16.643    35.014    33.015    31.78    32.016    29.833    28.16    28.792    34.828    31.016    31.623    32.894    37.802    34.886    36.249    35.114    57.454    56.436    0         60.033    58.138    56.859    63.285    60.374    64.14    63.135    60.415    66.731    64.846    69.26    68.476    67.535    65.795    70.328    70.214    67.119    69.354    62.201    62.514    62.801    63.891    65.376    65.765    66.94    68.264    69.857    70.257    70.456    71.021    72.25    75.664    76.295    73.6    75.432    75.802    78.243    80.808    76.844    80.43    77.698    84.024    82.928    84.054    87.006    86.023    83.528    91.837    48.765    51.108    50.22    52.173    53.852    57.385    51.894    55.543    57.385    52.773    55.471    58.138    58.31    61.774    14.036    14.56    8.485    7.071    8.246    10.77    10.817    14.318    7.211    4.243    5.657    7.81    8.944    8.246    12.042    9.849    9.055    19.925    14.56    15.133    14.318    14.422    19.416    18.028    17.205    17.493    19.698    5.0    9.22    15.232    11.705    9.0    7.81    1.414    11.662    16.031    8.544    1.414    19.416    23.601    
20    76.662    51.245    51.088    45.011    44.011    45.011    44.102    42.107    30.15    41.012    42.0    41.012    29.0    36.014    37.121    40.112    3.0    3.606    60.033    0         4.0    7.0    3.606    3.606    4.243    3.162    5.831    6.708    6.083    16.643    8.544    8.062    8.544    10.296    11.045    9.22    11.045    36.401    39.294    41.231    49.82    39.217    42.059    47.802    39.395    48.703    40.249    42.048    45.695    41.183    46.141    49.649    74.33    77.318    75.538    79.511    83.487    74.813    80.753    72.367    83.187    77.878    79.831    84.723    82.0    76.4    86.128    86.313    78.435    89.006    90.785    86.163    88.255    82.638    86.377    88.255    81.933    83.169    86.023    82.97    86.833    72.09    74.243    62.769    65.742    68.0    70.711    70.831    74.303    67.231    64.14    65.513    67.742    67.676    66.03    71.561    68.242    64.203    67.209    71.218    70.292    72.201    73.239    74.411    74.653    76.026    75.802    76.837    55.073    53.6    63.655    71.589    67.978    63.159    59.682    60.959    68.68    65.795    58.669    78.721    83.528    
21    74.706    51.788    51.478    45.277    44.283    45.1    44.011    42.012    30.017    41.11    42.19    41.304    29.275    36.346    37.656    40.608    5.0    3.606    58.138    4.0    0         3.0    7.28    2.236    7.616    5.831    3.162    9.22    6.708    14.866    10.63    9.434    8.062    12.728    12.083    9.22    11.402    32.573    35.44    37.363    45.891    35.468    38.275    43.966    35.777    44.944    36.715    38.471    42.048    37.736    42.72    46.141    70.349    73.335    71.568    75.538    79.511    70.859    76.792    68.447    79.246    73.98    75.928    80.808    78.102    72.533    82.28    82.765    74.673    85.475    87.235    82.462    84.504    78.924    82.638    84.504    78.186    79.379    82.219    79.12    82.97    70.576    72.498    61.351    64.078    66.212    68.877    68.884    72.45    65.299    62.177    63.53    65.765    65.513    63.812    69.462    66.038    61.855    64.351    68.819    67.801    69.893    71.021    71.84    72.201    73.783    73.498    74.404    53.226    51.313    60.959    69.778    66.31    61.685    57.706    58.412    66.068    64.257    56.798    77.078    81.492    
22    73.348    52.393    51.971    45.706    44.721    45.398    44.181    42.19    30.265    41.437    42.579    41.773    29.833    36.878    38.328    41.231    7.616    5.831    56.859    7.0    3.0    0         10.198    4.472    10.44    8.544    3.606    11.662    8.485    14.142    12.806    11.314    8.944    15.0    13.601    10.296    12.53    29.732    32.573    34.482    42.953    32.696    35.468    41.11    33.121    42.154    34.132    35.847    39.357    35.228    40.224    43.566    67.365    70.349    68.593    72.56    76.531    67.897    73.824    65.513    76.295    71.063    73.007    77.878    75.186    69.642    79.404    80.131    71.868    82.855    84.599    79.706    81.707    76.158    79.85    81.707    75.392    76.551    79.379    76.243    80.081    69.57    71.309    60.44    62.968    65.0    67.624    67.543    71.176    63.977    60.836    62.169    64.405    64.008    62.266    68.0    64.498    60.208    62.29    67.119    66.03    68.264    69.462    70.0    70.456    72.201    71.868    72.67    52.0    49.739    59.034    68.542    65.192    60.729    56.365    56.613    64.203    63.246    55.543    75.961    80.062    
23    79.925    53.038    53.0    47.043    46.043    47.17    46.39    44.407    32.558    43.186    44.102    43.046    31.145    38.053    39.0    42.0    5.831    7.071    63.285    3.606    7.28    10.198    0         6.0    1.0    2.236    8.062    4.0    5.657    16.971    6.0    6.325    8.485    7.28    9.22    8.602    9.849    38.833    41.773    43.738    52.469    41.485    44.385    50.22    41.437    50.961    42.154    44.011    47.76    42.953    47.854    51.478    77.162    80.156    78.313    82.298    86.284    77.524    83.487    74.967    85.843    80.411    82.377    87.298    84.528    78.854    88.527    89.894    81.933    92.59    94.366    89.694    91.761    86.163    89.889    91.761    85.44    86.649    89.493    86.4    90.25    75.153    77.414    65.795    68.884    71.197    73.926    74.095    77.524    70.491    67.417    68.797    71.021    71.028    69.405    74.887    71.61    67.624    70.767    74.653    73.756    75.604    76.609    77.897    78.102    79.404    79.202    80.281    58.31    57.009    67.179    74.793    71.12    66.212    62.968    64.444    72.18    68.877    61.911    81.841    86.822    
24    76.942    53.6    53.339    47.17    46.174    47.043    46.0    44.0    32.0    43.046    44.102    43.186    31.145    38.21    39.459    42.426    5.831    5.099    60.374    3.606    2.236    4.472    6.0    0         6.083    4.123    2.236    7.211    4.472    13.416    8.485    7.211    6.0    10.63    9.849    7.071    9.22    32.985    35.903    37.855    46.53    35.735    38.601    44.385    35.847    45.222    36.674    38.484    42.154    37.59    42.544    46.065    71.176    74.169    72.339    76.322    80.306    71.568    77.524    69.051    79.906    74.525    76.485    81.394    78.645    73.007    82.71    84.599    76.322    87.321    89.067    84.172    86.163    80.623    84.309    86.163    79.85    80.994    83.815    80.654    84.481    72.801    74.733    63.569    66.31    68.447    71.113    71.12    74.686    67.535    64.413    65.765    68.0    67.742    66.038    71.694    68.264    64.07    66.483    71.028    70.0    72.111    73.246    74.027    74.404    76.007    75.717    76.609    55.462    53.535    63.127    72.014    68.542    63.906    59.942    60.605    68.25    66.483    59.034    79.31    83.726    
25    80.777    54.037    54.0    48.042    47.043    48.166    47.381    45.398    33.541    44.181    45.1    44.045    32.14    39.051    40.0    43.0    6.708    7.81    64.14    4.243    7.616    10.44    1.0    6.083    0         2.0    8.0    3.0    5.0    16.279    5.0    5.385    7.81    6.325    8.246    7.81    8.944    38.639    41.593    43.566    52.345    41.231    44.147    50.01    41.11    50.695    41.785    43.658    47.434    42.544    47.424    51.078    77.104    80.1    78.23    82.219    86.209    77.414    83.385    74.813    85.709    80.231    82.201    87.132    84.345    78.645    88.295    90.355    82.28    93.059    94.826    90.078    92.114    86.539    90.25    92.114    85.796    86.977    89.811    86.683    90.521    76.059    78.294    66.708    69.771    72.069    74.793    74.947    78.39    71.344    68.264    69.642    71.868    71.847    70.214    75.717    72.422    68.411    71.449    75.432    74.518    76.4    77.421    78.645    78.873    80.212    80.0    81.056    59.169    57.801    67.897    75.664    72.007    67.119    63.812    65.192    72.918    69.778    62.769    82.735    87.664    
26    79.756    54.148    54.037    48.0    47.0    48.042    47.17    45.177    33.242    44.045    45.011    44.0    32.016    39.0    40.05    43.046    6.083    6.708    63.135    3.162    5.831    8.544    2.236    4.123    2.0    0         6.0    3.606    3.606    14.866    5.385    5.0    6.403    7.211    8.0    6.708    8.246    36.674    39.623    41.593    50.359    39.294    42.202    48.052    39.217    48.765    39.925    41.785    45.541    40.719    45.618    49.244    75.107    78.102    76.236    80.225    84.214    75.425    81.394    72.835    83.726    78.262    80.231    85.159    82.377    76.688    86.348    88.589    80.411    91.302    93.059    88.238    90.25    84.694    88.391    90.25    83.934    85.094    87.92    84.77    88.6    75.24    77.369    65.924    68.877    71.12    73.824    73.926    77.414    70.328    67.231    68.6    70.831    70.725    69.065    74.626    71.281    67.201    70.007    74.202    73.246    75.213    76.276    77.337    77.621    79.057    78.816    79.812    58.181    56.613    66.528    74.706    71.113    66.31    62.769    63.891    71.589    68.942    61.774    81.86    86.608    
27    76.922    54.918    54.589    48.374    47.381    48.166    47.043    45.044    33.061    44.181    45.277    44.407    32.388    39.459    40.792    43.738    7.81    6.708    60.415    5.831    3.162    3.606    8.062    2.236    8.0    6.0    0         8.544    5.0    11.705    9.434    7.81    5.385    11.662    10.0    6.708    8.944    30.806    33.734    35.693    44.407    33.526    36.401    42.202    33.615    43.012    34.438    36.249    39.925    35.355    40.311    43.829    69.116    72.111    70.257    74.243    78.23    69.462    75.425    66.91    77.782    72.367    74.33    79.246    76.485    70.831    80.523    83.355    74.847    86.093    87.818    82.765    84.694    79.202    82.855    84.694    78.39    79.48    82.28    79.057    82.861    73.055    74.847    63.891    66.483    68.542    71.176    71.113    74.733    67.543    64.405    65.742    67.978    67.602    65.863    71.589    68.096    63.812    65.856    70.725    69.635    71.868    73.062    73.6    74.061    75.802    75.472    76.276    55.543    53.339    62.626    72.09    68.71    64.195    59.933    60.216    67.801    66.731    59.093    79.48    83.648    
28    83.355    57.035    57.0    51.039    50.04    51.157    50.359    48.374    36.497    47.17    48.094    47.043    35.128    42.048    43.0    46.0    9.487    10.296    66.731    6.708    9.22    11.662    4.0    7.211    3.0    3.606    8.544    0         4.0    14.422    2.0    2.828    6.325    3.606    5.385    5.831    6.403    38.21    41.195    43.186    52.086    40.608    43.566    49.497    40.262    50.01    40.804    42.72    46.573    41.437    46.239    49.98    77.006    80.006    78.058    82.055    86.052    77.162    83.15    74.431    85.376    79.762    81.744    86.701    83.863    78.09    87.664    91.788    83.385    94.515    96.255    91.285    93.231    87.727    91.389    93.231    86.925    88.023    90.824    87.596    91.395    78.791    80.951    69.462    72.45    74.706    77.414    77.524    81.006    73.926    70.831    72.201    74.431    74.33    72.67    78.23    74.887    70.803    73.539    77.801    76.837    78.816    79.881    80.92    81.216    82.662    82.42    83.409    61.774    60.216    70.093    78.294    74.686    69.857    66.37    67.476    75.166    72.498    65.368    85.428    90.211    
29    81.413    57.315    57.14    51.039    50.04    51.0    50.04    48.042    36.056    47.0    48.01    47.043    35.014    42.048    43.186    46.174    9.055    9.055    64.846    6.083    6.708    8.485    5.657    4.472    5.0    3.606    5.0    4.0    0         11.314    4.472    2.828    2.828    6.708    5.385    3.162    5.0    34.234    37.216    39.205    48.094    36.674    39.623    45.541    36.401    46.098    37.0    38.897    42.72    37.696    42.544    46.239    73.007    76.007    74.061    78.058    82.055    73.171    79.158    70.456    81.394    75.802    77.782    82.735    79.906    74.148    83.744    88.323    79.706    91.066    92.785    87.664    89.554    84.095    87.727    89.554    83.259    84.309    87.092    83.815    87.596    77.253    79.202    68.007    70.774    72.918    75.584    75.591    79.158    72.007    68.884    70.235    72.471    72.201    70.491    76.158    72.719    68.505    70.767    75.452    74.404    76.551    77.698    78.409    78.816    80.455    80.156    81.025    59.933    57.983    67.476    76.485    73.007    68.352    64.413    65.0    72.622    70.937    63.506    83.774    88.193    
30    85.44    66.491    66.098    59.841    58.856    59.54    58.31    56.321    44.407    55.579    56.719    55.902    43.932    50.99    52.393    55.317    19.235    18.385    69.26    16.643    14.866    14.142    16.971    13.416    16.279    14.866    11.705    14.422    11.314    0         13.416    11.662    8.485    14.866    10.44    8.602    8.544    26.306    29.275    31.257    40.311    28.018    31.016    37.014    27.074    37.054    27.295    29.275    33.242    27.659    32.28    36.139    65.376    68.359    66.189    70.178    74.169    65.069    71.063    62.0    73.0    67.067    69.065    74.061    71.113    65.192    74.545    86.215    76.322    89.022    90.604    84.599    86.093    80.994    84.38    86.093    79.925    80.623    83.241    79.605    83.193    82.462    83.815    73.546    75.69    77.492    80.006    79.712    83.487    76.217    73.055    74.33    76.551    75.769    73.926    79.85    76.158    71.589    72.111    78.262    76.942    79.624    81.025    80.623    81.413    83.672    83.193    83.648    64.56    61.465    69.462    80.957    77.885    73.756    68.622    67.535    74.793    76.158    68.007    88.6    91.924    
31    85.088    59.034    59.0    53.038    52.038    53.151    52.345    50.359    38.471    49.163    50.09    49.041    37.121    44.045    45.0    48.0    11.402    12.083    68.476    8.544    10.63    12.806    6.0    8.485    5.0    5.385    9.434    2.0    4.472    13.416    0         2.0    6.0    2.236    3.606    5.099    5.0    38.053    41.049    43.046    52.01    40.311    43.29    49.254    39.812    49.649    40.262    42.202    46.098    40.804    45.541    49.336    77.006    80.006    78.006    82.006    86.006    77.058    83.054    74.243    85.212    79.511    81.498    86.47    83.6    77.782    87.298    92.785    84.172    95.525    97.247    92.136    94.021    88.566    92.195    94.021    87.727    88.769    91.548    88.255    92.027    80.623    82.735    71.309    74.25    76.479    79.177    79.259    82.765    75.664    72.56    73.926    76.158    76.007    74.33    79.925    76.551    72.422    74.967    79.404    78.409    80.449    81.541    82.462    82.801    84.315    84.054    85.0    63.53    61.855    71.589    80.062    76.485    71.694    68.096    69.029    76.694    74.324    67.119    87.235    91.924    
32    84.119    59.135    59.034    53.0    52.0    53.038    52.154    50.16    38.21    49.041    50.01    49.0    37.014    44.0    45.044    48.042    11.045    11.402    67.535    8.062    9.434    11.314    6.325    7.211    5.385    5.0    7.81    2.828    2.828    11.662    2.0    0         4.0    4.123    3.0    3.162    3.606    36.056    39.051    41.049    50.01    38.328    41.304    47.265    37.855    47.676    38.328    40.262    44.147    38.897    43.658    47.434    75.007    78.006    76.007    80.006    84.006    75.06    81.056    72.25    83.217    77.524    79.511    84.481    81.615    75.802    85.329    91.066    82.347    93.814    95.525    90.338    92.195    86.764    90.377    92.195    85.907    86.925    89.694    86.377    90.139    79.85    81.86    70.576    73.41    75.584    78.262    78.294    81.841    74.706    71.589    72.945    75.18    74.947    73.246    78.892    75.472    71.281    73.593    78.237    77.201    79.322    80.455    81.216    81.609    83.217    82.928    83.815    62.61    60.745    70.292    79.158    75.644    70.937    67.119    67.801    75.432    73.539    66.189    86.406    90.918    
