+-+-+-+-+-+-+-+-+-+-+-+-+-+-+ GRAFO CARGADO +-+-+-+-+-+-+-+-+-+-+-+-+-+-+-
        1         2         3         4         5         6         7         8         9         10        11        12        13        14        15        16        17        18        19        20        21        22
1     0         49.366    48.083    41.785    40.719    36.715    31.016    31.385    24.187    27.659    17.263    23.345    11.18    16.031    7.071    20.248    9.849    22.091    29.069    30.529    31.623    33.541    
2     49.366    0         8.544    23.259    25.942    20.809    18.682    24.166    26.571    30.463    32.14    40.224    47.265    54.626    56.223    57.489    58.856    71.113    72.18    78.16    79.101    82.873    
3     48.083    8.544    0         29.833    32.28    14.56    19.849    19.105    27.803    25.318    31.016    43.139    44.102    55.758    54.571    53.235    57.871    69.051    68.184    78.0    76.105    81.492    
4     41.785    23.259    29.833    0         2.828    33.734    17.889    33.242    19.209    37.59    28.425    23.087    45.222    40.012    48.703    57.201    49.244    63.325    69.836    65.008    73.389    72.56    
5     40.719    25.942    32.28    2.828    0         35.355    18.974    34.482    19.105    38.484    28.284    21.0    44.822    38.013    47.539    56.851    47.802    61.984    69.116    63.008    72.236    70.859    
6     36.715    20.809    14.56    33.734    35.355    0         17.029    5.385    22.472    11.0    21.213    38.484    30.806    47.381    42.544    39.013    46.53    56.321    54.009    67.231    62.514    69.289    
7     31.016    18.682    19.849    17.889    18.974    17.029    0         15.524    8.062    19.723    14.142    23.431    30.676    36.235    38.0    42.048    40.311    53.009    55.973    59.481    61.66    64.382    
8     31.385    24.166    19.105    33.242    34.482    5.385    15.524    0         19.235    6.325    16.401    34.785    25.495    42.521    37.162    34.132    41.183    50.961    49.092    61.911    57.315    63.906    
9     24.187    26.571    27.803    19.209    19.105    22.472    8.062    19.235    0         21.213    9.22    16.125    26.077    28.178    31.257    38.013    33.015    46.271    50.99    51.662    55.543    57.079    
10    27.659    30.463    25.318    37.59    38.484    11.0    19.723    6.325    21.213    0         15.524    35.355    20.248    40.497    32.757    28.018    37.202    45.88    43.012    58.009    51.624    59.093    
11    17.263    32.14    31.016    28.425    28.284    21.213    14.142    16.401    9.22    15.524    0         20.025    17.0    26.173    24.083    28.844    26.926    39.013    42.154    47.011    47.518    50.804    
12    23.345    40.224    43.139    23.087    21.0    38.484    23.431    34.785    16.125    35.355    20.025    0         31.305    17.029    29.206    42.72    28.178    42.485    52.345    42.012    53.339    50.22    
13    11.18    47.265    44.102    45.222    44.822    30.806    30.676    25.495    26.077    20.248    17.0    31.305    0         27.166    13.454    12.042    18.601    25.632    25.298    38.897    32.016    38.91    
14    16.031    54.626    55.758    40.012    38.013    47.381    36.235    42.521    28.178    40.497    26.173    17.029    27.166    0         18.028    35.511    14.422    27.659    40.817    25.0    38.949    33.526    
15    7.071    56.223    54.571    48.703    47.539    42.544    38.0    37.162    31.257    32.757    24.083    29.206    13.454    18.028    0         18.0    5.385    15.033    23.431    25.495    24.698    26.926    
16    20.248    57.489    53.235    57.201    56.851    39.013    42.048    34.132    38.013    28.018    28.844    42.72    12.042    35.511    18.0    0         23.087    22.672    15.0    39.825    24.698    36.069    
17    9.849    58.856    57.871    49.244    47.802    46.53    40.311    41.183    33.015    37.202    26.926    28.178    18.601    14.422    5.385    23.087    0         14.318    26.42    20.809    25.239    24.083    
18    22.091    71.113    69.051    63.325    61.984    56.321    53.009    50.961    46.271    45.88    39.013    42.485    25.632    27.659    15.033    22.672    14.318    0         17.0    18.439    11.314    13.601    
19    29.069    72.18    68.184    69.836    69.116    54.009    55.973    49.092    50.99    43.012    42.154    52.345    25.298    40.817    23.431    15.0    26.42    17.0    0         35.228    12.042    27.313    
20    30.529    78.16    78.0    65.008    63.008    67.231    59.481    61.911    51.662    58.009    47.011    42.012    38.897    25.0    25.495    39.825    20.809    18.439    35.228    0         26.306    12.207    
21    31.623    79.101    76.105    73.389    72.236    62.514    61.66    57.315    55.543    51.624    47.518    53.339    32.016    38.949    24.698    24.698    25.239    11.314    12.042    26.306    0         16.279    
22    33.541    82.873    81.492    72.56    70.859    69.289    64.382    63.906    57.079    59.093    50.804    50.22    38.91    33.526    26.926    36.069    24.083    13.601    27.313    12.207    16.279    0         


Demandas:
1: 0.0
2: 1100.0
3: 700.0
4: 800.0
5: 1400.0
6: 2100.0
7: 400.0
8: 800.0
9: 100.0
10: 500.0
11: 600.0
12: 1200.0
13: 1300.0
14: 1300.0
15: 300.0
16: 900.0
17: 2100.0
18: 1000.0
19: 900.0
20: 2500.0
21: 1800.0
22: 700.0
+-+-+-+-+-+-+-+-+-+-+-+-+-+-+-+ SOLUCION INICIAL +-+-+-+-+-+-+-+-+-+-+-+-+-+-+-+-

Ruta #1: [1, 2, 9, 7, 3, 6, 8, 10]
Costo asociado: 157.777      Capacidad: 5700.0

Ruta #2: [1, 4, 11, 5, 12, 14]
Costo asociado: 152.554      Capacidad: 5300.0

Ruta #3: [1, 13, 16, 18, 17, 15]
Costo asociado: 72.668      Capacidad: 5600.0

Ruta #4: [1, 20, 22, 21, 19]
Costo asociado: 100.126      Capacidad: 5900.0

--> Costo total: 483.125          Capacidad total: 22500.0

+-+-+-+-+-+-+-+-+-+-+-+-+-+-+-+-+-+-+-+-+-+-+-+-+- Iteracion 1  +-+-+-+-+-+-+-+-+-+-+-+-+-+-+-+-+-+-+-+-+-+-+-+-+-


Ruta #1: [1, 2, 7, 3, 6, 8, 10]
Costo asociado: 141.82600000000002      Capacidad: 5600.0

Ruta #2: [1, 4, 9, 11, 5, 12, 14]
Costo asociado: 152.558      Capacidad: 5400.0

Ruta #3: [1, 13, 16, 18, 17, 15]
Costo asociado: 72.668      Capacidad: 5600.0

Ruta #4: [1, 20, 22, 21, 19]
Costo asociado: 100.126      Capacidad: 5900.0

--> Costo total: 467.178          Capacidad total: 22500.0

La solución anterior duró 0min 0seg    -------> Nuevo optimo local. Costo: 467.178       ==> Optimo: 375.0  Desvio: 24.6%
Lista tabu: []

+-+-+-+-+-+-+-+-+-+-+-+-+-+-+-+-+-+-+-+-+-+-+-+-+- Iteracion 3  +-+-+-+-+-+-+-+-+-+-+-+-+-+-+-+-+-+-+-+-+-+-+-+-+-


Ruta #1: [1, 2, 7, 3, 6, 8, 10]
Costo asociado: 141.82600000000002      Capacidad: 5600.0

Ruta #2: [1, 14, 12, 9, 11, 5, 4]
Costo asociado: 131.302      Capacidad: 5400.0

Ruta #3: [1, 13, 16, 18, 17, 15]
Costo asociado: 72.668      Capacidad: 5600.0

Ruta #4: [1, 20, 22, 21, 19]
Costo asociado: 100.126      Capacidad: 5900.0

--> Costo total: 445.922          Capacidad total: 22500.0

La solución anterior duró 0min 0seg    -------> Nuevo optimo local. Costo: 445.922       ==> Optimo: 375.0  Desvio: 18.9%
Lista tabu: [((2,9,26.571:30),7), ((9,7,8.062:140),7), ((4,11,28.425:76),7), ((4,9,19.209:74),5), ((1,13,11.18:12),5), ((17,15,5.385:324),5), ((18,17,14.318:369),5), ((13,17,18.601:280),4)]

+-+-+-+-+-+-+-+-+-+-+-+-+-+-+-+-+-+-+-+-+-+-+-+-+- Iteracion 4  +-+-+-+-+-+-+-+-+-+-+-+-+-+-+-+-+-+-+-+-+-+-+-+-+-


Ruta #1: [1, 10, 8, 6, 3, 2, 7]
Costo asociado: 112.17099999999999      Capacidad: 5600.0

Ruta #2: [1, 14, 12, 9, 11, 5, 4]
Costo asociado: 131.302      Capacidad: 5400.0

Ruta #3: [1, 13, 16, 18, 17, 15]
Costo asociado: 72.668      Capacidad: 5600.0

Ruta #4: [1, 20, 22, 21, 19]
Costo asociado: 100.126      Capacidad: 5900.0

--> Costo total: 416.26699999999994          Capacidad total: 22500.0

La solución anterior duró 0min 0seg    -------> Nuevo optimo local. Costo: 416.267       ==> Optimo: 375.0  Desvio: 11.0%
Lista tabu: [((2,9,26.571:30),6), ((9,7,8.062:140),6), ((4,11,28.425:76),6), ((4,9,19.209:74),4), ((1,13,11.18:12),4), ((17,15,5.385:324),4), ((18,17,14.318:369),4), ((13,17,18.601:280),3), ((4,9,19.209:74),8), ((5,12,21.0:99),8), ((12,9,16.125:187),6)]

+-+-+-+-+-+-+-+-+-+-+-+-+-+-+-+-+-+-+-+-+-+-+-+-+- Iteracion 20  +-+-+-+-+-+-+-+-+-+-+-+-+-+-+-+-+-+-+-+-+-+-+-+-+-


Ruta #1: [1, 10, 8, 6, 3, 2, 7, 9]
Costo asociado: 113.404      Capacidad: 5700.0

Ruta #2: [1, 14, 12, 11, 5, 4]
Costo asociado: 125.982      Capacidad: 5300.0

Ruta #3: [1, 13, 16, 18, 17, 15]
Costo asociado: 72.668      Capacidad: 5600.0

Ruta #4: [1, 20, 22, 21, 19]
Costo asociado: 100.126      Capacidad: 5900.0

--> Costo total: 412.17999999999995          Capacidad total: 22500.0

La solución anterior duró 0min 0seg    -------> Nuevo optimo local. Costo: 412.18       ==> Optimo: 375.0  Desvio: 9.9%
Lista tabu: [((2,7,18.682:28),1), ((7,1,31.016:6),1), ((11,5,28.284:98),1), ((1,10,27.659:9),2), ((10,8,6.325:163),2), ((11,5,28.284:98),2), ((10,11,15.524:208),1), ((18,17,14.318:369),3), ((15,1,7.071:14),3), ((15,18,15.033:325),2), ((1,13,11.18:12),4), ((17,15,5.385:324),4), ((13,15,13.454:278),3), ((1,13,11.18:12),5), ((17,15,5.385:324),5), ((13,15,13.454:278),4)]

+-+-+-+-+-+-+-+-+-+-+-+-+-+-+-+-+-+-+-+-+-+-+-+-+- Iteracion 29  +-+-+-+-+-+-+-+-+-+-+-+-+-+-+-+-+-+-+-+-+-+-+-+-+-


Ruta #1: [1, 10, 8, 6, 3, 2, 7]
Costo asociado: 112.17099999999999      Capacidad: 5600.0

Ruta #2: [1, 14, 12, 11, 9, 5, 4]
Costo asociado: 126.023      Capacidad: 5400.0

Ruta #3: [1, 13, 16, 18, 17, 15]
Costo asociado: 72.668      Capacidad: 5600.0

Ruta #4: [1, 20, 22, 21, 19]
Costo asociado: 100.126      Capacidad: 5900.0

--> Costo total: 410.98799999999994          Capacidad total: 22500.0

La solución anterior duró 0min 0seg    -------> Nuevo optimo local. Costo: 410.988       ==> Optimo: 375.0  Desvio: 9.6%
Lista tabu: [((18,17,14.318:369),1), ((15,1,7.071:14),1), ((18,17,14.318:369),2), ((22,21,16.279:461),2), ((18,21,11.314:394),1), ((1,10,27.659:9),3), ((10,8,6.325:163),3), ((11,5,28.284:98),3), ((10,11,15.524:208),2), ((2,7,18.682:28),4), ((8,6,5.385:117),4), ((10,8,6.325:163),4), ((8,7,15.524:139),3), ((2,7,18.682:28),5), ((8,6,5.385:117),5), ((10,8,6.325:163),5), ((8,7,15.524:139),4)]

+-+-+-+-+-+-+-+-+-+-+-+-+-+-+-+-+-+-+-+-+-+-+-+-+- Iteracion 357  +-+-+-+-+-+-+-+-+-+-+-+-+-+-+-+-+-+-+-+-+-+-+-+-+-


Ruta #1: [1, 10, 8, 6, 3, 2, 7]
Costo asociado: 112.17099999999999      Capacidad: 5600.0

Ruta #2: [1, 14, 12, 11, 9, 4, 5]
Costo asociado: 125.061      Capacidad: 5400.0

Ruta #3: [1, 13, 16, 18, 17, 15]
Costo asociado: 72.668      Capacidad: 5600.0

Ruta #4: [1, 20, 22, 21, 19]
Costo asociado: 100.126      Capacidad: 5900.0

--> Costo total: 410.02599999999995          Capacidad total: 22500.0

La solución anterior duró 0min 0seg    -------> Nuevo optimo local. Costo: 410.026       ==> Optimo: 375.0  Desvio: 9.3%
Lista tabu: [((13,16,12.042:279),1), ((16,18,22.672:347),1), ((21,19,12.042:416),1), ((19,1,29.069:18),1), ((8,6,5.385:117),2), ((2,7,18.682:28),2), ((7,6,17.029:116),1), ((12,11,20.025:0),3), ((11,9,9.22:186),3), ((13,16,12.042:279),3), ((16,18,22.672:347),3), ((11,13,17.0:232),2), ((8,6,5.385:117),4), ((2,7,18.682:28),4), ((7,6,17.029:116),3), ((1,14,16.031:13),5), ((11,9,9.22:186),5), ((12,11,20.025:0),5), ((1,11,17.263:10),4)]

Ruta #1: [1, 10, 8, 6, 3, 2, 7]
Costo asociado: 112.17099999999999      Capacidad: 5600.0

Ruta #2: [1, 14, 12, 11, 9, 5, 4]
Costo asociado: 126.023      Capacidad: 5400.0

Ruta #3: [1, 13, 16, 18, 17, 15]
Costo asociado: 72.668      Capacidad: 5600.0

Ruta #4: [1, 20, 22, 21, 19]
Costo asociado: 100.126      Capacidad: 5900.0

--> Costo total: 410.98799999999994          Capacidad total: 22500.0

+-+-+-+-+-+-+-+-+-+-+-+-+-+-+-+-+-+-+-+-+-+-+-+-+- Iteracion 869  +-+-+-+-+-+-+-+-+-+-+-+-+-+-+-+-+-+-+-+-+-+-+-+-+-


Ruta #1: [1, 10, 8, 6, 3, 2, 7]
Costo asociado: 112.17099999999999      Capacidad: 5600.0

Ruta #2: [1, 14, 12, 11, 9, 4, 5]
Costo asociado: 125.061      Capacidad: 5400.0

Ruta #3: [1, 13, 16, 18, 17, 15]
Costo asociado: 72.668      Capacidad: 5600.0

Ruta #4: [1, 20, 22, 21, 19]
Costo asociado: 100.126      Capacidad: 5900.0

--> Costo total: 410.02599999999995          Capacidad total: 22500.0

+-+-+-+-+-+-+-+-+-+-+-+-+-+-+-+-+-+-+-+-+-+-+-+-+- Iteracion 869  +-+-+-+-+-+-+-+-+-+-+-+-+-+-+-+-+-+-+-+-+-+-+-+-+-

Solucion peor. Costo: 410.026
Lista tabu: [((13,16,12.042:279),1), ((16,18,22.672:347),1), ((21,19,12.042:416),1), ((19,1,29.069:18),1), ((2,7,18.682:28),2), ((7,1,31.016:0),2), ((5,4,2.828:70),2), ((4,7,17.889:72),1), ((1,13,11.18:12),3), ((17,15,5.385:324),3), ((1,17,9.849:16),2), ((10,8,6.325:163),4), ((6,3,14.56:49),4), ((3,8,19.105:51),3), ((10,8,6.325:163),5), ((6,3,14.56:49),5), ((3,8,19.105:51),4)]

Ruta #1: [1, 10, 8, 6, 3, 2, 7, 9]
Costo asociado: 113.404      Capacidad: 5700.0

Ruta #2: [1, 14, 12, 11, 5, 4]
Costo asociado: 125.982      Capacidad: 5300.0

Ruta #3: [1, 13, 16, 18, 17, 15]
Costo asociado: 72.668      Capacidad: 5600.0

Ruta #4: [1, 20, 22, 21, 19]
Costo asociado: 100.126      Capacidad: 5900.0

--> Costo total: 412.17999999999995          Capacidad total: 22500.0

+-+-+-+-+-+-+-+-+-+-+-+-+-+-+-+-+-+-+-+-+-+-+-+-+- Iteracion 1183  +-+-+-+-+-+-+-+-+-+-+-+-+-+-+-+-+-+-+-+-+-+-+-+-+-


Ruta #1: [1, 10, 8, 6, 3, 2, 7]
Costo asociado: 112.17099999999999      Capacidad: 5600.0

Ruta #2: [1, 14, 12, 11, 9, 5, 4]
Costo asociado: 126.023      Capacidad: 5400.0

Ruta #3: [1, 13, 16, 18, 17, 15]
Costo asociado: 72.668      Capacidad: 5600.0

Ruta #4: [1, 20, 22, 21, 19]
Costo asociado: 100.126      Capacidad: 5900.0

--> Costo total: 410.98799999999994          Capacidad total: 22500.0

+-+-+-+-+-+-+-+-+-+-+-+-+-+-+-+-+-+-+-+-+-+-+-+-+- Iteracion 1183  +-+-+-+-+-+-+-+-+-+-+-+-+-+-+-+-+-+-+-+-+-+-+-+-+-

Solucion peor. Costo: 410.988
Lista tabu: [((2,7,18.682:28),1), ((7,9,8.062:140),1), ((11,5,28.284:98),1), ((10,8,6.325:163),2), ((6,3,14.56:49),2), ((6,10,11.0:119),1), ((2,7,18.682:28),3), ((7,9,8.062:140),3), ((11,5,28.284:98),3), ((7,11,14.142:142),2), ((1,10,27.659:9),4), ((10,8,6.325:163),4), ((12,11,20.025:0),4), ((11,5,28.284:98),4), ((8,11,16.401:164),3), ((16,18,22.672:347),5), ((15,1,7.071:14),5), ((17,15,5.385:324),5), ((15,16,18.0:323),4)]

+-+-+-+-+-+-+-+-+-+-+-+-+-+-+-+-+-+-+-+-+-+-+-+-+- Iteracion 1206  +-+-+-+-+-+-+-+-+-+-+-+-+-+-+-+-+-+-+-+-+-+-+-+-+-


Ruta #1: [1, 10, 8, 6, 3, 2, 7]
Costo asociado: 112.17099999999999      Capacidad: 5600.0

Ruta #2: [1, 14, 12, 11, 9, 4, 5]
Costo asociado: 125.061      Capacidad: 5400.0

Ruta #3: [1, 13, 16, 18, 17, 15]
Costo asociado: 72.668      Capacidad: 5600.0

Ruta #4: [1, 20, 22, 21, 19]
Costo asociado: 100.126      Capacidad: 5900.0

--> Costo total: 410.02599999999995          Capacidad total: 22500.0

+-+-+-+-+-+-+-+-+-+-+-+-+-+-+-+-+-+-+-+-+-+-+-+-+- Iteracion 1206  +-+-+-+-+-+-+-+-+-+-+-+-+-+-+-+-+-+-+-+-+-+-+-+-+-

Solucion peor. Costo: 410.026
Lista tabu: [((8,6,5.385:117),1), ((2,7,18.682:28),1), ((17,15,5.385:324),2), ((15,1,7.071:14),2), ((1,14,16.031:13),2), ((14,15,18.028:300),1), ((1,14,16.031:13),3), ((11,9,9.22:186),3), ((12,11,20.025:0),3), ((1,11,17.263:10),2), ((2,7,18.682:28),4), ((7,1,31.016:0),4), ((5,4,2.828:70),4), ((4,7,17.889:72),3), ((2,7,18.682:28),5), ((7,1,31.016:0),5), ((5,4,2.828:70),5), ((4,7,17.889:72),4)]

Ruta #1: [1, 10, 8, 6, 3, 2, 7]
Costo asociado: 112.17099999999999      Capacidad: 5600.0

Ruta #2: [1, 14, 12, 9, 11, 5, 4]
Costo asociado: 131.302      Capacidad: 5400.0

Ruta #3: [1, 13, 16, 18, 17, 15]
Costo asociado: 72.668      Capacidad: 5600.0

Ruta #4: [1, 20, 22, 21, 19]
Costo asociado: 100.126      Capacidad: 5900.0

--> Costo total: 416.26699999999994          Capacidad total: 22500.0

+-+-+-+-+-+-+-+-+-+-+-+-+-+-+-+-+-+-+-+-+-+-+-+-+- Iteracion 1507  +-+-+-+-+-+-+-+-+-+-+-+-+-+-+-+-+-+-+-+-+-+-+-+-+-


Ruta #1: [1, 10, 8, 6, 3, 2, 7]
Costo asociado: 112.17099999999999      Capacidad: 5600.0

Ruta #2: [1, 14, 12, 9, 4, 5, 11]
Costo asociado: 116.769      Capacidad: 5400.0

Ruta #3: [1, 13, 16, 18, 17, 15]
Costo asociado: 72.668      Capacidad: 5600.0

Ruta #4: [1, 20, 22, 21, 19]
Costo asociado: 100.126      Capacidad: 5900.0

--> Costo total: 401.73400000000004          Capacidad total: 22500.0

La solución anterior duró 0min 2seg    -------> Nuevo optimo local. Costo: 401.734       ==> Optimo: 375.0  Desvio: 7.1%
Lista tabu: [((8,6,5.385:117),5), ((2,7,18.682:28),5), ((7,6,17.029:116),4)]

+-+-+-+-+-+-+-+-+-+-+-+-+-+-+-+-+-+-+-+-+-+-+-+-+- Iteracion 1521  +-+-+-+-+-+-+-+-+-+-+-+-+-+-+-+-+-+-+-+-+-+-+-+-+-


Ruta #1: [1, 10, 8, 6, 3, 2, 7, 9]
Costo asociado: 113.404      Capacidad: 5700.0

Ruta #2: [1, 14, 12, 4, 5, 11]
Costo asociado: 104.52200000000002      Capacidad: 5300.0

Ruta #3: [1, 13, 16, 18, 17, 15]
Costo asociado: 72.668      Capacidad: 5600.0

Ruta #4: [1, 20, 22, 21, 19]
Costo asociado: 100.126      Capacidad: 5900.0

--> Costo total: 390.72          Capacidad total: 22500.0

La solución anterior duró 0min 0seg    -------> Nuevo optimo local. Costo: 390.72       ==> Optimo: 375.0  Desvio: 4.2%
Lista tabu: [((18,17,14.318:369),1), ((22,21,16.279:461),1), ((1,13,11.18:12),2), ((17,15,5.385:324),2), ((13,15,13.454:278),1), ((1,10,27.659:9),3), ((10,8,6.325:163),3), ((5,11,28.284:98),3), ((10,11,15.524:208),2), ((7,1,31.016:6),4), ((8,6,5.385:117),4), ((10,8,6.325:163),4), ((8,7,15.524:139),3), ((18,17,14.318:369),5), ((22,21,16.279:461),5), ((18,21,11.314:394),4)]

+-+-+-+-+-+-+-+-+-+-+-+-+-+-+-+-+-+-+-+-+-+-+-+-+- Iteracion 1540  +-+-+-+-+-+-+-+-+-+-+-+-+-+-+-+-+-+-+-+-+-+-+-+-+-


Ruta #1: [1, 10, 8, 6, 3, 2, 7]
Costo asociado: 112.17099999999999      Capacidad: 5600.0

Ruta #2: [1, 14, 12, 4, 5, 9, 11]
Costo asociado: 104.56300000000002      Capacidad: 5400.0

Ruta #3: [1, 13, 16, 18, 17, 15]
Costo asociado: 72.668      Capacidad: 5600.0

Ruta #4: [1, 20, 22, 21, 19]
Costo asociado: 100.126      Capacidad: 5900.0

--> Costo total: 389.528          Capacidad total: 22500.0

La solución anterior duró 0min 0seg    -------> Nuevo optimo local. Costo: 389.528       ==> Optimo: 375.0  Desvio: 3.9%
Lista tabu: [((10,8,6.325:163),1), ((6,3,14.56:49),1), ((2,7,18.682:28),2), ((8,6,5.385:117),2), ((10,8,6.325:163),2), ((8,7,15.524:139),1), ((1,13,11.18:12),3), ((17,15,5.385:324),3), ((1,17,9.849:16),2), ((2,7,18.682:28),4), ((8,6,5.385:117),4), ((10,8,6.325:163),4), ((8,7,15.524:139),3), ((1,13,11.18:12),5), ((17,15,5.385:324),5), ((13,15,13.454:278),4)]

+-+-+-+-+-+-+-+-+-+-+-+-+-+-+-+-+-+-+-+-+-+-+-+-+- Iteracion 1878  +-+-+-+-+-+-+-+-+-+-+-+-+-+-+-+-+-+-+-+-+-+-+-+-+-


Ruta #1: [1, 10, 8, 6, 3, 2, 7]
Costo asociado: 112.17099999999999      Capacidad: 5600.0

Ruta #2: [1, 11, 9, 4, 5, 12, 14]
Costo asociado: 102.58000000000001      Capacidad: 5400.0

Ruta #3: [1, 13, 16, 18, 17, 15]
Costo asociado: 72.668      Capacidad: 5600.0

Ruta #4: [1, 20, 22, 21, 19]
Costo asociado: 100.126      Capacidad: 5900.0

--> Costo total: 387.54499999999996          Capacidad total: 22500.0

La solución anterior duró 0min 0seg    -------> Nuevo optimo local. Costo: 387.545       ==> Optimo: 375.0  Desvio: 3.3000000000000003%
Lista tabu: [((16,18,22.672:347),1), ((15,1,7.071:14),1), ((17,15,5.385:324),1), ((2,7,18.682:28),2), ((7,1,31.016:0),2), ((12,4,23.087:0),2), ((4,7,17.889:72),1), ((18,17,14.318:369),3), ((17,15,5.385:324),3), ((1,20,30.529:19),3), ((20,22,12.207:439),3), ((18,20,18.439:393),2), ((13,16,12.042:279),4), ((16,18,22.672:347),4), ((21,19,12.042:416),4), ((19,1,29.069:18),4), ((18,19,17.0:392),3), ((1,13,11.18:12),5), ((17,15,5.385:324),5), ((18,17,14.318:369),5), ((17,13,18.601:280),4)]

Ruta #1: [1, 10, 8, 6, 3, 2, 7]
Costo asociado: 112.17099999999999      Capacidad: 5600.0

Ruta #2: [1, 14, 12, 4, 5, 9, 11]
Costo asociado: 104.56300000000002      Capacidad: 5400.0

Ruta #3: [1, 13, 16, 18, 17, 15]
Costo asociado: 72.668      Capacidad: 5600.0

Ruta #4: [1, 20, 22, 21, 19]
Costo asociado: 100.126      Capacidad: 5900.0

--> Costo total: 389.528          Capacidad total: 22500.0

+-+-+-+-+-+-+-+-+-+-+-+-+-+-+-+-+-+-+-+-+-+-+-+-+- Iteracion 2402  +-+-+-+-+-+-+-+-+-+-+-+-+-+-+-+-+-+-+-+-+-+-+-+-+-


Ruta #1: [1, 10, 8, 6, 3, 2, 7]
Costo asociado: 112.17099999999999      Capacidad: 5600.0

Ruta #2: [1, 11, 9, 4, 5, 12, 14]
Costo asociado: 102.58000000000001      Capacidad: 5400.0

Ruta #3: [1, 13, 16, 18, 17, 15]
Costo asociado: 72.668      Capacidad: 5600.0

Ruta #4: [1, 20, 22, 21, 19]
Costo asociado: 100.126      Capacidad: 5900.0

--> Costo total: 387.54499999999996          Capacidad total: 22500.0

+-+-+-+-+-+-+-+-+-+-+-+-+-+-+-+-+-+-+-+-+-+-+-+-+- Iteracion 2402  +-+-+-+-+-+-+-+-+-+-+-+-+-+-+-+-+-+-+-+-+-+-+-+-+-

Solucion peor. Costo: 387.545
Lista tabu: [((1,13,11.18:12),1), ((17,15,5.385:324),1), ((18,17,14.318:369),1), ((16,18,22.672:347),2), ((15,1,7.071:14),2), ((17,15,5.385:324),2), ((15,16,18.0:323),1), ((18,17,14.318:369),3), ((17,15,5.385:324),3), ((1,20,30.529:19),3), ((20,22,12.207:439),3), ((18,20,18.439:393),2), ((16,18,22.672:347),4), ((15,1,7.071:14),4), ((17,15,5.385:324),4), ((15,16,18.0:323),3), ((13,16,12.042:279),5), ((16,18,22.672:347),5), ((21,19,12.042:416),5), ((19,1,29.069:18),5), ((18,19,17.0:392),4)]

Ruta #1: [1, 10, 8, 6, 3, 2, 7, 9]
Costo asociado: 113.404      Capacidad: 5700.0

Ruta #2: [1, 14, 12, 4, 5, 11]
Costo asociado: 104.52200000000002      Capacidad: 5300.0

Ruta #3: [1, 13, 16, 18, 17, 15]
Costo asociado: 72.668      Capacidad: 5600.0

Ruta #4: [1, 20, 22, 21, 19]
Costo asociado: 100.126      Capacidad: 5900.0

--> Costo total: 390.72          Capacidad total: 22500.0

+-+-+-+-+-+-+-+-+-+-+-+-+-+-+-+-+-+-+-+-+-+-+-+-+- Iteracion 2717  +-+-+-+-+-+-+-+-+-+-+-+-+-+-+-+-+-+-+-+-+-+-+-+-+-


Ruta #1: [1, 10, 8, 6, 3, 2, 7]
Costo asociado: 112.17099999999999      Capacidad: 5600.0

Ruta #2: [1, 14, 12, 4, 5, 9, 11]
Costo asociado: 104.56300000000002      Capacidad: 5400.0

Ruta #3: [1, 13, 16, 18, 17, 15]
Costo asociado: 72.668      Capacidad: 5600.0

Ruta #4: [1, 20, 22, 21, 19]
Costo asociado: 100.126      Capacidad: 5900.0

--> Costo total: 389.528          Capacidad total: 22500.0

+-+-+-+-+-+-+-+-+-+-+-+-+-+-+-+-+-+-+-+-+-+-+-+-+- Iteracion 2717  +-+-+-+-+-+-+-+-+-+-+-+-+-+-+-+-+-+-+-+-+-+-+-+-+-

Solucion peor. Costo: 389.528
Lista tabu: [((7,9,8.062:140),1), ((9,1,24.187:8),1), ((14,12,17.029:255),1), ((7,9,8.062:140),2), ((9,1,24.187:8),2), ((4,5,2.828:70),2), ((5,9,19.105:96),1), ((10,8,6.325:163),3), ((6,3,14.56:49),3), ((6,10,11.0:119),2), ((1,10,27.659:9),4), ((10,8,6.325:163),4), ((5,11,28.284:98),4), ((11,1,17.263:10),4), ((8,11,16.401:164),3), ((7,9,8.062:140),5), ((9,1,24.187:8),5), ((14,12,17.029:255),5), ((12,9,16.125:187),4)]

+-+-+-+-+-+-+-+-+-+-+-+-+-+-+-+-+-+-+-+-+-+-+-+-+- Iteracion 2735  +-+-+-+-+-+-+-+-+-+-+-+-+-+-+-+-+-+-+-+-+-+-+-+-+-


Ruta #1: [1, 10, 8, 6, 3, 2, 7]
Costo asociado: 112.17099999999999      Capacidad: 5600.0

Ruta #2: [1, 11, 9, 4, 5, 12, 14]
Costo asociado: 102.58000000000001      Capacidad: 5400.0

Ruta #3: [1, 13, 16, 18, 17, 15]
Costo asociado: 72.668      Capacidad: 5600.0

Ruta #4: [1, 20, 22, 21, 19]
Costo asociado: 100.126      Capacidad: 5900.0

--> Costo total: 387.54499999999996          Capacidad total: 22500.0

+-+-+-+-+-+-+-+-+-+-+-+-+-+-+-+-+-+-+-+-+-+-+-+-+- Iteracion 2735  +-+-+-+-+-+-+-+-+-+-+-+-+-+-+-+-+-+-+-+-+-+-+-+-+-

Solucion peor. Costo: 387.545
Lista tabu: [((5,9,19.105:96),1), ((9,11,9.22:186),1), ((7,1,31.016:0),1), ((5,9,19.105:96),2), ((9,11,9.22:186),2), ((10,8,6.325:163),2), ((8,9,19.235:162),1), ((5,9,19.105:96),3), ((9,11,9.22:186),3), ((7,1,31.016:0),3), ((7,9,8.062:140),2), ((18,17,14.318:369),4), ((15,1,7.071:14),4), ((15,18,15.033:325),3), ((1,13,11.18:12),5), ((17,15,5.385:324),5), ((1,17,9.849:16),4)]

Ruta #1: [1, 10, 8, 6, 3, 2, 7]
Costo asociado: 112.17099999999999      Capacidad: 5600.0

Ruta #2: [1, 14, 12, 9, 4, 5, 11]
Costo asociado: 116.769      Capacidad: 5400.0

Ruta #3: [1, 13, 16, 18, 17, 15]
Costo asociado: 72.668      Capacidad: 5600.0

Ruta #4: [1, 20, 22, 21, 19]
Costo asociado: 100.126      Capacidad: 5900.0

--> Costo total: 401.73400000000004          Capacidad total: 22500.0

+-+-+-+-+-+-+-+-+-+-+-+-+-+-+-+-+-+-+-+-+-+-+-+-+- Iteracion 3047  +-+-+-+-+-+-+-+-+-+-+-+-+-+-+-+-+-+-+-+-+-+-+-+-+-


Ruta #1: [1, 10, 8, 6, 3, 2, 7]
Costo asociado: 112.17099999999999      Capacidad: 5600.0

Ruta #2: [1, 11, 9, 4, 5, 12, 14]
Costo asociado: 102.58000000000001      Capacidad: 5400.0

Ruta #3: [1, 13, 16, 18, 17, 15]
Costo asociado: 72.668      Capacidad: 5600.0

Ruta #4: [1, 20, 22, 21, 19]
Costo asociado: 100.126      Capacidad: 5900.0

--> Costo total: 387.54499999999996          Capacidad total: 22500.0

+-+-+-+-+-+-+-+-+-+-+-+-+-+-+-+-+-+-+-+-+-+-+-+-+- Iteracion 3047  +-+-+-+-+-+-+-+-+-+-+-+-+-+-+-+-+-+-+-+-+-+-+-+-+-

Solucion peor. Costo: 387.545
Lista tabu: [((7,1,31.016:6),1), ((8,6,5.385:117),1), ((10,8,6.325:163),1), ((13,16,12.042:279),2), ((16,18,22.672:347),2), ((21,19,12.042:416),2), ((19,1,29.069:18),2), ((18,19,17.0:392),1), ((1,10,27.659:9),3), ((10,8,6.325:163),3), ((5,11,28.284:98),3), ((11,1,17.263:10),3), ((8,11,16.401:164),2), ((8,6,5.385:117),4), ((2,7,18.682:28),4), ((7,6,17.029:116),3), ((13,16,12.042:279),5), ((16,18,22.672:347),5), ((21,19,12.042:416),5), ((19,1,29.069:18),5), ((18,19,17.0:392),4)]

Ruta #1: [1, 10, 8, 6, 3, 2, 7]
Costo asociado: 112.17099999999999      Capacidad: 5600.0

Ruta #2: [1, 14, 12, 11, 9, 4, 5]
Costo asociado: 125.061      Capacidad: 5400.0

Ruta #3: [1, 13, 16, 18, 17, 15]
Costo asociado: 72.668      Capacidad: 5600.0

Ruta #4: [1, 20, 22, 21, 19]
Costo asociado: 100.126      Capacidad: 5900.0

--> Costo total: 410.02599999999995          Capacidad total: 22500.0

Ruta #1: [1, 10, 8, 6, 3, 2, 7]
Costo asociado: 112.17099999999999      Capacidad: 5600.0

Ruta #2: [1, 14, 12, 11, 9, 5, 4]
Costo asociado: 126.023      Capacidad: 5400.0

Ruta #3: [1, 13, 16, 18, 17, 15]
Costo asociado: 72.668      Capacidad: 5600.0

Ruta #4: [1, 20, 22, 21, 19]
Costo asociado: 100.126      Capacidad: 5900.0

--> Costo total: 410.98799999999994          Capacidad total: 22500.0

+-+-+-+-+-+-+-+-+-+-+-+-+-+-+-+-+-+-+-+-+-+-+-+-+- Iteracion 3475  +-+-+-+-+-+-+-+-+-+-+-+-+-+-+-+-+-+-+-+-+-+-+-+-+-


Ruta #1: [1, 10, 8, 6, 3, 2, 7]
Costo asociado: 112.17099999999999      Capacidad: 5600.0

Ruta #2: [1, 14, 12, 11, 9, 4, 5]
Costo asociado: 125.061      Capacidad: 5400.0

Ruta #3: [1, 13, 16, 18, 17, 15]
Costo asociado: 72.668      Capacidad: 5600.0

Ruta #4: [1, 20, 22, 21, 19]
Costo asociado: 100.126      Capacidad: 5900.0

--> Costo total: 410.02599999999995          Capacidad total: 22500.0

+-+-+-+-+-+-+-+-+-+-+-+-+-+-+-+-+-+-+-+-+-+-+-+-+- Iteracion 3475  +-+-+-+-+-+-+-+-+-+-+-+-+-+-+-+-+-+-+-+-+-+-+-+-+-

Solucion peor. Costo: 410.026
Lista tabu: [((18,17,14.318:369),1), ((22,21,16.279:461),1), ((2,7,18.682:28),2), ((7,1,31.016:0),2), ((11,9,9.22:186),2), ((7,11,14.142:142),1), ((13,16,12.042:279),3), ((16,18,22.672:347),3), ((21,19,12.042:416),3), ((19,1,29.069:18),3), ((18,19,17.0:392),2), ((12,11,20.025:0),4), ((11,9,9.22:186),4), ((13,16,12.042:279),4), ((16,18,22.672:347),4), ((11,13,17.0:232),3), ((1,14,16.031:13),5), ((11,9,9.22:186),5), ((12,11,20.025:0),5), ((1,11,17.263:10),4)]

Ruta #1: [1, 10, 8, 6, 3, 2, 7, 9]
Costo asociado: 113.404      Capacidad: 5700.0

Ruta #2: [1, 14, 12, 11, 5, 4]
Costo asociado: 125.982      Capacidad: 5300.0

Ruta #3: [1, 13, 16, 18, 17, 15]
Costo asociado: 72.668      Capacidad: 5600.0

Ruta #4: [1, 20, 22, 21, 19]
Costo asociado: 100.126      Capacidad: 5900.0

--> Costo total: 412.17999999999995          Capacidad total: 22500.0

+-+-+-+-+-+-+-+-+-+-+-+-+-+-+-+-+-+-+-+-+-+-+-+-+- Iteracion 3861  +-+-+-+-+-+-+-+-+-+-+-+-+-+-+-+-+-+-+-+-+-+-+-+-+-


Ruta #1: [1, 10, 8, 6, 3, 2, 7]
Costo asociado: 112.17099999999999      Capacidad: 5600.0

Ruta #2: [1, 14, 12, 11, 9, 5, 4]
Costo asociado: 126.023      Capacidad: 5400.0

Ruta #3: [1, 13, 16, 18, 17, 15]
Costo asociado: 72.668      Capacidad: 5600.0

Ruta #4: [1, 20, 22, 21, 19]
Costo asociado: 100.126      Capacidad: 5900.0

--> Costo total: 410.98799999999994          Capacidad total: 22500.0

+-+-+-+-+-+-+-+-+-+-+-+-+-+-+-+-+-+-+-+-+-+-+-+-+- Iteracion 3861  +-+-+-+-+-+-+-+-+-+-+-+-+-+-+-+-+-+-+-+-+-+-+-+-+-

Solucion peor. Costo: 410.988
Lista tabu: [((1,10,27.659:9),1), ((10,8,6.325:163),1), ((12,11,20.025:0),1), ((11,5,28.284:98),1), ((17,15,5.385:324),2), ((15,1,7.071:14),2), ((1,14,16.031:13),2), ((14,15,18.028:300),1), ((7,9,8.062:140),3), ((9,1,24.187:8),3), ((12,11,20.025:0),3), ((11,9,9.22:186),2), ((18,17,14.318:369),4), ((17,15,5.385:324),4), ((1,20,30.529:19),4), ((20,22,12.207:439),4), ((18,20,18.439:393),3), ((2,7,18.682:28),5), ((7,9,8.062:140),5), ((4,1,41.785:3),5), ((4,7,17.889:72),4)]

+-+-+-+-+-+-+-+-+-+-+-+-+-+-+-+-+-+-+-+-+-+-+-+-+- Iteracion 3869  +-+-+-+-+-+-+-+-+-+-+-+-+-+-+-+-+-+-+-+-+-+-+-+-+-


Ruta #1: [1, 10, 8, 6, 3, 2, 7]
Costo asociado: 112.17099999999999      Capacidad: 5600.0

Ruta #2: [1, 14, 12, 11, 9, 4, 5]
Costo asociado: 125.061      Capacidad: 5400.0

Ruta #3: [1, 13, 16, 18, 17, 15]
Costo asociado: 72.668      Capacidad: 5600.0

Ruta #4: [1, 20, 22, 21, 19]
Costo asociado: 100.126      Capacidad: 5900.0

--> Costo total: 410.02599999999995          Capacidad total: 22500.0

+-+-+-+-+-+-+-+-+-+-+-+-+-+-+-+-+-+-+-+-+-+-+-+-+- Iteracion 3869  +-+-+-+-+-+-+-+-+-+-+-+-+-+-+-+-+-+-+-+-+-+-+-+-+-

Solucion peor. Costo: 410.026
Lista tabu: [((7,9,8.062:140),1), ((9,1,24.187:8),1), ((11,5,28.284:98),1), ((1,10,27.659:9),1), ((10,8,6.325:163),1), ((11,9,9.22:186),1), ((1,13,11.18:12),2), ((17,15,5.385:324),2), ((18,17,14.318:369),2), ((17,13,18.601:280),1), ((11,9,9.22:186),3), ((9,5,19.105:96),3), ((2,7,18.682:28),3), ((7,1,31.016:0),3), ((5,7,18.974:94),2), ((1,13,11.18:12),4), ((17,15,5.385:324),4), ((18,17,14.318:369),4), ((17,13,18.601:280),3), ((11,9,9.22:186),5), ((9,5,19.105:96),5), ((10,8,6.325:163),5), ((8,9,19.235:162),4)]

Ruta #1: [1, 10, 8, 6, 3, 2, 7]
Costo asociado: 112.17099999999999      Capacidad: 5600.0

Ruta #2: [1, 14, 12, 9, 11, 5, 4]
Costo asociado: 131.302      Capacidad: 5400.0

Ruta #3: [1, 13, 16, 18, 17, 15]
Costo asociado: 72.668      Capacidad: 5600.0

Ruta #4: [1, 20, 22, 21, 19]
Costo asociado: 100.126      Capacidad: 5900.0

--> Costo total: 416.26699999999994          Capacidad total: 22500.0

+-+-+-+-+-+-+-+-+-+-+-+-+-+-+-+-+-+-+-+-+-+-+-+-+- Iteracion 4170  +-+-+-+-+-+-+-+-+-+-+-+-+-+-+-+-+-+-+-+-+-+-+-+-+-


Ruta #1: [1, 10, 8, 6, 3, 2, 11]
Costo asociado: 111.876      Capacidad: 5800.0

Ruta #2: [1, 14, 12, 9, 7, 5, 4]
Costo asociado: 120.834      Capacidad: 5200.0

Ruta #3: [1, 13, 16, 18, 17, 15]
Costo asociado: 72.668      Capacidad: 5600.0

Ruta #4: [1, 20, 22, 21, 19]
Costo asociado: 100.126      Capacidad: 5900.0

--> Costo total: 405.504          Capacidad total: 22500.0

+-+-+-+-+-+-+-+-+-+-+-+-+-+-+-+-+-+-+-+-+-+-+-+-+- Iteracion 4170  +-+-+-+-+-+-+-+-+-+-+-+-+-+-+-+-+-+-+-+-+-+-+-+-+-

Solucion peor. Costo: 405.504
Lista tabu: [((16,18,22.672:347),5), ((15,1,7.071:14),5), ((17,15,5.385:324),5), ((15,16,18.0:323),4)]

+-+-+-+-+-+-+-+-+-+-+-+-+-+-+-+-+-+-+-+-+-+-+-+-+- Iteracion 4196  +-+-+-+-+-+-+-+-+-+-+-+-+-+-+-+-+-+-+-+-+-+-+-+-+-


Ruta #1: [1, 10, 8, 6, 3, 2, 11]
Costo asociado: 111.876      Capacidad: 5800.0

Ruta #2: [1, 14, 12, 9, 7, 4, 5]
Costo asociado: 118.68299999999999      Capacidad: 5200.0

Ruta #3: [1, 13, 16, 18, 17, 15]
Costo asociado: 72.668      Capacidad: 5600.0

Ruta #4: [1, 20, 22, 21, 19]
Costo asociado: 100.126      Capacidad: 5900.0

--> Costo total: 403.35299999999995          Capacidad total: 22500.0

+-+-+-+-+-+-+-+-+-+-+-+-+-+-+-+-+-+-+-+-+-+-+-+-+- Iteracion 4196  +-+-+-+-+-+-+-+-+-+-+-+-+-+-+-+-+-+-+-+-+-+-+-+-+-

Solucion peor. Costo: 403.353
Lista tabu: [((12,9,16.125:187),1), ((7,5,18.974:94),1), ((12,9,16.125:187),2), ((7,5,18.974:94),2), ((5,9,19.105:96),1), ((18,17,14.318:369),3), ((17,15,5.385:324),3), ((1,20,30.529:19),3), ((20,22,12.207:439),3), ((18,20,18.439:393),2), ((18,17,14.318:369),4), ((17,15,5.385:324),4), ((1,20,30.529:19),4), ((20,22,12.207:439),4), ((18,20,18.439:393),3), ((18,17,14.318:369),5), ((15,1,7.071:14),5), ((15,18,15.033:325),4)]

Ruta #1: [1, 2, 7, 3, 6, 8, 10]
Costo asociado: 141.82600000000002      Capacidad: 5600.0

Ruta #2: [1, 14, 12, 9, 11, 5, 4]
Costo asociado: 131.302      Capacidad: 5400.0

Ruta #3: [1, 13, 16, 18, 17, 15]
Costo asociado: 72.668      Capacidad: 5600.0

Ruta #4: [1, 20, 22, 21, 19]
Costo asociado: 100.126      Capacidad: 5900.0

--> Costo total: 445.922          Capacidad total: 22500.0

+-+-+-+-+-+-+-+-+-+-+-+-+-+-+-+-+-+-+-+-+-+-+-+-+- Iteracion 4499  +-+-+-+-+-+-+-+-+-+-+-+-+-+-+-+-+-+-+-+-+-+-+-+-+-


Ruta #1: [1, 2, 3, 6, 8, 10]
Costo asociado: 111.839      Capacidad: 5200.0

Ruta #2: [1, 14, 12, 9, 7, 11, 5, 4]
Costo asociado: 144.286      Capacidad: 5800.0

Ruta #3: [1, 13, 16, 18, 17, 15]
Costo asociado: 72.668      Capacidad: 5600.0

Ruta #4: [1, 20, 22, 21, 19]
Costo asociado: 100.126      Capacidad: 5900.0

--> Costo total: 428.919          Capacidad total: 22500.0

+-+-+-+-+-+-+-+-+-+-+-+-+-+-+-+-+-+-+-+-+-+-+-+-+- Iteracion 4499  +-+-+-+-+-+-+-+-+-+-+-+-+-+-+-+-+-+-+-+-+-+-+-+-+-

Solucion peor. Costo: 428.919
Lista tabu: [((18,17,14.318:369),3), ((15,1,7.071:14),3), ((15,18,15.033:325),2), ((8,10,6.325:163),4), ((10,1,27.659:9),4), ((11,5,28.284:98),4), ((10,11,15.524:208),3), ((18,17,14.318:369),5), ((15,1,7.071:14),5), ((15,18,15.033:325),4)]

+-+-+-+-+-+-+-+-+-+-+-+-+-+-+-+-+-+-+-+-+-+-+-+-+- Iteracion 4505  +-+-+-+-+-+-+-+-+-+-+-+-+-+-+-+-+-+-+-+-+-+-+-+-+-


Ruta #1: [1, 2, 3, 6, 8, 10]
Costo asociado: 111.839      Capacidad: 5200.0

Ruta #2: [1, 4, 5, 9, 7, 11, 12, 14]
Costo asociado: 139.007      Capacidad: 5800.0

Ruta #3: [1, 13, 16, 18, 17, 15]
Costo asociado: 72.668      Capacidad: 5600.0

Ruta #4: [1, 20, 22, 21, 19]
Costo asociado: 100.126      Capacidad: 5900.0

--> Costo total: 423.64          Capacidad total: 22500.0

+-+-+-+-+-+-+-+-+-+-+-+-+-+-+-+-+-+-+-+-+-+-+-+-+- Iteracion 4505  +-+-+-+-+-+-+-+-+-+-+-+-+-+-+-+-+-+-+-+-+-+-+-+-+-

Solucion peor. Costo: 423.64
Lista tabu: [((2,7,18.682:0),3), ((7,3,19.849:50),3), ((9,11,9.22:186),3), ((9,7,8.062:140),1), ((7,11,14.142:142),1), ((11,5,28.284:98),1), ((8,10,6.325:163),1), ((13,16,12.042:279),2), ((16,18,22.672:347),2), ((21,19,12.042:416),2), ((19,1,29.069:18),2), ((18,19,17.0:392),1), ((1,13,11.18:12),3), ((17,15,5.385:324),3), ((1,17,9.849:16),2), ((1,14,16.031:13),4), ((11,5,28.284:98),4), ((7,11,14.142:142),4), ((1,11,17.263:10),3), ((12,9,16.125:187),5), ((9,7,8.062:140),5), ((8,10,6.325:163),5), ((8,9,19.235:162),4)]

+-+-+-+-+-+-+-+-+-+-+-+-+-+-+-+-+-+-+-+-+-+-+-+-+- Iteracion 4510  +-+-+-+-+-+-+-+-+-+-+-+-+-+-+-+-+-+-+-+-+-+-+-+-+-


Ruta #1: [1, 2, 3, 6, 8, 10]
Costo asociado: 111.839      Capacidad: 5200.0

Ruta #2: [1, 14, 12, 11, 7, 4, 5, 9]
Costo asociado: 131.23600000000002      Capacidad: 5800.0

Ruta #3: [1, 13, 16, 18, 17, 15]
Costo asociado: 72.668      Capacidad: 5600.0

Ruta #4: [1, 20, 22, 21, 19]
Costo asociado: 100.126      Capacidad: 5900.0

--> Costo total: 415.869          Capacidad total: 22500.0

+-+-+-+-+-+-+-+-+-+-+-+-+-+-+-+-+-+-+-+-+-+-+-+-+- Iteracion 4510  +-+-+-+-+-+-+-+-+-+-+-+-+-+-+-+-+-+-+-+-+-+-+-+-+-

Solucion peor. Costo: 415.869
Lista tabu: [((12,9,16.125:187),4), ((11,5,28.284:98),4), ((9,5,19.105:96),2), ((3,6,14.56:49),2), ((8,10,6.325:163),2), ((6,10,11.0:119),1), ((16,18,22.672:347),3), ((15,1,7.071:14),3), ((17,15,5.385:324),3), ((15,16,18.0:323),2), ((18,17,14.318:369),4), ((17,15,5.385:324),4), ((1,20,30.529:19),4), ((20,22,12.207:439),4), ((18,20,18.439:393),3), ((1,13,11.18:12),5), ((17,15,5.385:324),5), ((13,15,13.454:278),4)]

+-+-+-+-+-+-+-+-+-+-+-+-+-+-+-+-+-+-+-+-+-+-+-+-+- Iteracion 4515  +-+-+-+-+-+-+-+-+-+-+-+-+-+-+-+-+-+-+-+-+-+-+-+-+-


Ruta #1: [1, 2, 3, 6, 8, 10]
Costo asociado: 111.839      Capacidad: 5200.0

Ruta #2: [1, 14, 12, 9, 7, 4, 5, 11]
Costo asociado: 123.511      Capacidad: 5800.0

Ruta #3: [1, 13, 16, 18, 17, 15]
Costo asociado: 72.668      Capacidad: 5600.0

Ruta #4: [1, 20, 22, 21, 19]
Costo asociado: 100.126      Capacidad: 5900.0

--> Costo total: 408.144          Capacidad total: 22500.0

+-+-+-+-+-+-+-+-+-+-+-+-+-+-+-+-+-+-+-+-+-+-+-+-+- Iteracion 4515  +-+-+-+-+-+-+-+-+-+-+-+-+-+-+-+-+-+-+-+-+-+-+-+-+-

Solucion peor. Costo: 408.144
Lista tabu: [((1,4,41.785:3),4), ((9,7,8.062:140),4), ((7,4,17.889:72),2), ((3,6,14.56:49),2), ((8,10,6.325:163),2), ((3,8,19.105:51),1), ((18,17,14.318:369),3), ((15,1,7.071:14),3), ((15,18,15.033:325),2), ((13,16,12.042:279),4), ((16,18,22.672:347),4), ((21,19,12.042:416),4), ((19,1,29.069:18),4), ((18,19,17.0:392),3), ((1,14,16.031:13),5), ((11,7,14.142:142),5), ((12,11,20.025:231),5), ((1,11,17.263:10),4)]

+-+-+-+-+-+-+-+-+-+-+-+-+-+-+-+-+-+-+-+-+-+-+-+-+- Iteracion 4523  +-+-+-+-+-+-+-+-+-+-+-+-+-+-+-+-+-+-+-+-+-+-+-+-+-


Ruta #1: [1, 2, 3, 6, 8, 10]
Costo asociado: 111.839      Capacidad: 5200.0

Ruta #2: [1, 11, 9, 7, 4, 5, 12, 14]
Costo asociado: 109.322      Capacidad: 5800.0

Ruta #3: [1, 13, 16, 18, 17, 15]
Costo asociado: 72.668      Capacidad: 5600.0

Ruta #4: [1, 20, 22, 21, 19]
Costo asociado: 100.126      Capacidad: 5900.0

--> Costo total: 393.95500000000004          Capacidad total: 22500.0

+-+-+-+-+-+-+-+-+-+-+-+-+-+-+-+-+-+-+-+-+-+-+-+-+- Iteracion 4523  +-+-+-+-+-+-+-+-+-+-+-+-+-+-+-+-+-+-+-+-+-+-+-+-+-

Solucion peor. Costo: 393.955
Lista tabu: [((12,11,20.025:231),1), ((11,7,14.142:142),1), ((5,9,19.105:96),1), ((9,1,24.187:8),1), ((1,13,11.18:12),1), ((17,15,5.385:324),1), ((18,17,14.318:369),1), ((1,13,11.18:12),2), ((17,15,5.385:324),2), ((13,15,13.454:278),1), ((18,17,14.318:369),3), ((22,21,16.279:461),3), ((18,21,11.314:394),2), ((18,17,14.318:369),4), ((15,1,7.071:14),4), ((15,18,15.033:325),3), ((3,6,14.56:49),5), ((8,10,6.325:163),5), ((6,10,11.0:119),4)]

+-+-+-+-+-+-+-+-+-+-+-+-+-+-+-+-+-+-+-+-+-+-+-+-+- Iteracion 4530  +-+-+-+-+-+-+-+-+-+-+-+-+-+-+-+-+-+-+-+-+-+-+-+-+-


Ruta #1: [1, 7, 2, 3, 6, 8, 10]
Costo asociado: 112.17099999999999      Capacidad: 5600.0

Ruta #2: [1, 11, 9, 4, 5, 12, 14]
Costo asociado: 102.58000000000001      Capacidad: 5400.0

Ruta #3: [1, 13, 16, 18, 17, 15]
Costo asociado: 72.668      Capacidad: 5600.0

Ruta #4: [1, 20, 22, 21, 19]
Costo asociado: 100.126      Capacidad: 5900.0

--> Costo total: 387.54499999999996          Capacidad total: 22500.0

+-+-+-+-+-+-+-+-+-+-+-+-+-+-+-+-+-+-+-+-+-+-+-+-+- Iteracion 4530  +-+-+-+-+-+-+-+-+-+-+-+-+-+-+-+-+-+-+-+-+-+-+-+-+-

Solucion peor. Costo: 387.545
Lista tabu: [((12,9,16.125:187),2), ((5,11,28.284:98),2), ((11,9,9.22:186),1), ((7,4,17.889:72),1), ((18,17,14.318:369),2), ((22,21,16.279:461),2), ((18,21,11.314:394),1), ((5,12,21.0:99),3), ((9,7,8.062:140),3), ((11,9,9.22:186),3), ((5,9,19.105:96),2), ((18,17,14.318:369),4), ((15,1,7.071:14),4), ((15,18,15.033:325),3), ((18,17,14.318:369),5), ((22,21,16.279:461),5), ((18,21,11.314:394),4)]

Ruta #1: [1, 2, 7, 3, 6, 8, 10]
Costo asociado: 141.82600000000002      Capacidad: 5600.0

Ruta #2: [1, 4, 9, 11, 5, 12, 14]
Costo asociado: 152.558      Capacidad: 5400.0

Ruta #3: [1, 13, 16, 18, 17, 15]
Costo asociado: 72.668      Capacidad: 5600.0

Ruta #4: [1, 20, 22, 21, 19]
Costo asociado: 100.126      Capacidad: 5900.0

--> Costo total: 467.178          Capacidad total: 22500.0

+-+-+-+-+-+-+-+-+-+-+-+-+-+-+-+-+-+-+-+-+-+-+-+-+- Iteracion 4834  +-+-+-+-+-+-+-+-+-+-+-+-+-+-+-+-+-+-+-+-+-+-+-+-+-


Ruta #1: [1, 2, 3, 6, 8, 10]
Costo asociado: 111.839      Capacidad: 5200.0

Ruta #2: [1, 4, 7, 9, 11, 5, 12, 14]
Costo asociado: 159.29999999999998      Capacidad: 5800.0

Ruta #3: [1, 13, 16, 18, 17, 15]
Costo asociado: 72.668      Capacidad: 5600.0

Ruta #4: [1, 20, 22, 21, 19]
Costo asociado: 100.126      Capacidad: 5900.0

--> Costo total: 443.933          Capacidad total: 22500.0

