+-+-+-+-+-+-+-+-+-+-+-+-+-+-+ GRAFO CARGADO +-+-+-+-+-+-+-+-+-+-+-+-+-+-+-
        1         2         3         4         5         6         7         8         9         10        11        12        13        14        15        16        17        18        19        20        21        22
1     0         49.366    48.083    41.785    40.719    36.715    31.016    31.385    24.187    27.659    17.263    23.345    11.18    16.031    7.071    20.248    9.849    22.091    29.069    30.529    31.623    33.541    
2     49.366    0         8.544    23.259    25.942    20.809    18.682    24.166    26.571    30.463    32.14    40.224    47.265    54.626    56.223    57.489    58.856    71.113    72.18    78.16    79.101    82.873    
3     48.083    8.544    0         29.833    32.28    14.56    19.849    19.105    27.803    25.318    31.016    43.139    44.102    55.758    54.571    53.235    57.871    69.051    68.184    78.0    76.105    81.492    
4     41.785    23.259    29.833    0         2.828    33.734    17.889    33.242    19.209    37.59    28.425    23.087    45.222    40.012    48.703    57.201    49.244    63.325    69.836    65.008    73.389    72.56    
5     40.719    25.942    32.28    2.828    0         35.355    18.974    34.482    19.105    38.484    28.284    21.0    44.822    38.013    47.539    56.851    47.802    61.984    69.116    63.008    72.236    70.859    
6     36.715    20.809    14.56    33.734    35.355    0         17.029    5.385    22.472    11.0    21.213    38.484    30.806    47.381    42.544    39.013    46.53    56.321    54.009    67.231    62.514    69.289    
7     31.016    18.682    19.849    17.889    18.974    17.029    0         15.524    8.062    19.723    14.142    23.431    30.676    36.235    38.0    42.048    40.311    53.009    55.973    59.481    61.66    64.382    
8     31.385    24.166    19.105    33.242    34.482    5.385    15.524    0         19.235    6.325    16.401    34.785    25.495    42.521    37.162    34.132    41.183    50.961    49.092    61.911    57.315    63.906    
9     24.187    26.571    27.803    19.209    19.105    22.472    8.062    19.235    0         21.213    9.22    16.125    26.077    28.178    31.257    38.013    33.015    46.271    50.99    51.662    55.543    57.079    
10    27.659    30.463    25.318    37.59    38.484    11.0    19.723    6.325    21.213    0         15.524    35.355    20.248    40.497    32.757    28.018    37.202    45.88    43.012    58.009    51.624    59.093    
11    17.263    32.14    31.016    28.425    28.284    21.213    14.142    16.401    9.22    15.524    0         20.025    17.0    26.173    24.083    28.844    26.926    39.013    42.154    47.011    47.518    50.804    
12    23.345    40.224    43.139    23.087    21.0    38.484    23.431    34.785    16.125    35.355    20.025    0         31.305    17.029    29.206    42.72    28.178    42.485    52.345    42.012    53.339    50.22    
13    11.18    47.265    44.102    45.222    44.822    30.806    30.676    25.495    26.077    20.248    17.0    31.305    0         27.166    13.454    12.042    18.601    25.632    25.298    38.897    32.016    38.91    
14    16.031    54.626    55.758    40.012    38.013    47.381    36.235    42.521    28.178    40.497    26.173    17.029    27.166    0         18.028    35.511    14.422    27.659    40.817    25.0    38.949    33.526    
15    7.071    56.223    54.571    48.703    47.539    42.544    38.0    37.162    31.257    32.757    24.083    29.206    13.454    18.028    0         18.0    5.385    15.033    23.431    25.495    24.698    26.926    
16    20.248    57.489    53.235    57.201    56.851    39.013    42.048    34.132    38.013    28.018    28.844    42.72    12.042    35.511    18.0    0         23.087    22.672    15.0    39.825    24.698    36.069    
17    9.849    58.856    57.871    49.244    47.802    46.53    40.311    41.183    33.015    37.202    26.926    28.178    18.601    14.422    5.385    23.087    0         14.318    26.42    20.809    25.239    24.083    
18    22.091    71.113    69.051    63.325    61.984    56.321    53.009    50.961    46.271    45.88    39.013    42.485    25.632    27.659    15.033    22.672    14.318    0         17.0    18.439    11.314    13.601    
19    29.069    72.18    68.184    69.836    69.116    54.009    55.973    49.092    50.99    43.012    42.154    52.345    25.298    40.817    23.431    15.0    26.42    17.0    0         35.228    12.042    27.313    
20    30.529    78.16    78.0    65.008    63.008    67.231    59.481    61.911    51.662    58.009    47.011    42.012    38.897    25.0    25.495    39.825    20.809    18.439    35.228    0         26.306    12.207    
21    31.623    79.101    76.105    73.389    72.236    62.514    61.66    57.315    55.543    51.624    47.518    53.339    32.016    38.949    24.698    24.698    25.239    11.314    12.042    26.306    0         16.279    
22    33.541    82.873    81.492    72.56    70.859    69.289    64.382    63.906    57.079    59.093    50.804    50.22    38.91    33.526    26.926    36.069    24.083    13.601    27.313    12.207    16.279    0         


Demandas:
1: 0.0
2: 1100.0
3: 700.0
4: 800.0
5: 1400.0
6: 2100.0
7: 400.0
8: 800.0
9: 100.0
10: 500.0
11: 600.0
12: 1200.0
13: 1300.0
14: 1300.0
15: 300.0
16: 900.0
17: 2100.0
18: 1000.0
19: 900.0
20: 2500.0
21: 1800.0
22: 700.0
+-+-+-+-+-+-+-+-+-+-+-+-+-+-+-+ SOLUCION INICIAL +-+-+-+-+-+-+-+-+-+-+-+-+-+-+-+-

Ruta #1: [1, 2, 9, 7, 3, 6, 8, 10]
Costo asociado: 157.777      Capacidad: 5700.0

Ruta #2: [1, 4, 11, 5, 12, 14]
Costo asociado: 152.554      Capacidad: 5300.0

Ruta #3: [1, 13, 16, 18, 17, 15]
Costo asociado: 72.668      Capacidad: 5600.0

Ruta #4: [1, 20, 22, 21, 19]
Costo asociado: 100.126      Capacidad: 5900.0

--> Costo total: 483.125          Capacidad total: 22500.0

+-+-+-+-+-+-+-+-+-+-+-+-+-+-+-+-+-+-+-+-+-+-+-+-+- Iteracion 3  +-+-+-+-+-+-+-+-+-+-+-+-+-+-+-+-+-+-+-+-+-+-+-+-+-


Ruta #1: [1, 2, 7, 3, 6, 8, 10]
Costo asociado: 141.82600000000002      Capacidad: 5600.0

Ruta #2: [1, 4, 11, 9, 5, 12, 14]
Costo asociado: 152.595      Capacidad: 5400.0

Ruta #3: [1, 13, 16, 18, 17, 15]
Costo asociado: 72.668      Capacidad: 5600.0

Ruta #4: [1, 20, 22, 21, 19]
Costo asociado: 100.126      Capacidad: 5900.0

--> Costo total: 467.21500000000003          Capacidad total: 22500.0

La solución anterior duró 0min 0seg    -------> Nuevo optimo local. Costo: 467.215       ==> Optimo: 375.0  Desvio: 24.6%
Lista tabu: [((1,13,11.18),4), ((17,15,5.385),4), ((1,17,9.849),3), ((1,13,11.18),5), ((17,15,5.385),5), ((1,17,9.849),4)]

+-+-+-+-+-+-+-+-+-+-+-+-+-+-+-+-+-+-+-+-+-+-+-+-+- Iteracion 5  +-+-+-+-+-+-+-+-+-+-+-+-+-+-+-+-+-+-+-+-+-+-+-+-+-


Ruta #1: [1, 2, 7, 3, 6, 8, 10]
Costo asociado: 141.82600000000002      Capacidad: 5600.0

Ruta #2: [1, 11, 4, 9, 5, 12, 14]
Costo asociado: 138.062      Capacidad: 5400.0

Ruta #3: [1, 13, 16, 18, 17, 15]
Costo asociado: 72.668      Capacidad: 5600.0

Ruta #4: [1, 20, 22, 21, 19]
Costo asociado: 100.126      Capacidad: 5900.0

--> Costo total: 452.682          Capacidad total: 22500.0

La solución anterior duró 0min 0seg    -------> Nuevo optimo local. Costo: 452.682       ==> Optimo: 375.0  Desvio: 20.7%
Lista tabu: [((1,13,11.18),2), ((17,15,5.385),2), ((1,17,9.849),1), ((1,13,11.18),3), ((17,15,5.385),3), ((1,17,9.849),2), ((2,9,26.571),7), ((9,7,8.062),7), ((11,5,28.284),7), ((9,5,19.105),5), ((17,15,5.385),5), ((1,13,11.18),5), ((13,15,13.454),4)]

+-+-+-+-+-+-+-+-+-+-+-+-+-+-+-+-+-+-+-+-+-+-+-+-+- Iteracion 8  +-+-+-+-+-+-+-+-+-+-+-+-+-+-+-+-+-+-+-+-+-+-+-+-+-


Ruta #1: [1, 2, 3, 6, 7, 8, 10]
Costo asociado: 139.007      Capacidad: 5600.0

Ruta #2: [1, 11, 4, 9, 5, 12, 14]
Costo asociado: 138.062      Capacidad: 5400.0

Ruta #3: [1, 13, 16, 18, 17, 15]
Costo asociado: 72.668      Capacidad: 5600.0

Ruta #4: [1, 20, 22, 21, 19]
Costo asociado: 100.126      Capacidad: 5900.0

--> Costo total: 449.86300000000006          Capacidad total: 22500.0

La solución anterior duró 0min 0seg    -------> Nuevo optimo local. Costo: 449.863       ==> Optimo: 375.0  Desvio: 20.0%
Lista tabu: [((2,9,26.571),4), ((9,7,8.062),4), ((11,5,28.284),4), ((9,5,19.105),2), ((17,15,5.385),2), ((1,13,11.18),2), ((13,15,13.454),1), ((1,4,41.785),6), ((11,9,9.22),6), ((1,11,17.263),4), ((18,17,14.318),4), ((15,1,7.071),4), ((15,18,15.033),3), ((14,1,16.031),5), ((17,15,5.385),5), ((14,15,18.028),4)]

+-+-+-+-+-+-+-+-+-+-+-+-+-+-+-+-+-+-+-+-+-+-+-+-+- Iteracion 13  +-+-+-+-+-+-+-+-+-+-+-+-+-+-+-+-+-+-+-+-+-+-+-+-+-


Ruta #1: [1, 2, 3, 6, 7, 9, 8, 10]
Costo asociado: 150.78      Capacidad: 5700.0

Ruta #2: [1, 11, 4, 5, 12, 14]
Costo asociado: 102.576      Capacidad: 5300.0

Ruta #3: [1, 13, 16, 18, 17, 15]
Costo asociado: 72.668      Capacidad: 5600.0

Ruta #4: [1, 20, 22, 21, 19]
Costo asociado: 100.126      Capacidad: 5900.0

--> Costo total: 426.15          Capacidad total: 22500.0

La solución anterior duró 0min 0seg    -------> Nuevo optimo local. Costo: 426.15       ==> Optimo: 375.0  Desvio: 13.600000000000001%
Lista tabu: [((1,4,41.785),1), ((11,9,9.22),1), ((6,8,5.385),4), ((7,3,19.849),4), ((2,7,18.682),4), ((7,8,15.524),2), ((8,10,6.325),2), ((10,1,27.659),2), ((11,4,28.425),2), ((10,11,15.524),1), ((18,17,14.318),3), ((15,1,7.071),3), ((15,18,15.033),2), ((1,13,11.18),4), ((17,15,5.385),4), ((1,17,9.849),3), ((18,17,14.318),5), ((22,21,16.279),5), ((18,21,11.314),4)]

+-+-+-+-+-+-+-+-+-+-+-+-+-+-+-+-+-+-+-+-+-+-+-+-+- Iteracion 14  +-+-+-+-+-+-+-+-+-+-+-+-+-+-+-+-+-+-+-+-+-+-+-+-+-


Ruta #1: [1, 2, 3, 6, 7, 8, 10]
Costo asociado: 139.007      Capacidad: 5600.0

Ruta #2: [1, 11, 9, 4, 5, 12, 14]
Costo asociado: 102.58000000000001      Capacidad: 5400.0

Ruta #3: [1, 13, 16, 18, 17, 15]
Costo asociado: 72.668      Capacidad: 5600.0

Ruta #4: [1, 20, 22, 21, 19]
Costo asociado: 100.126      Capacidad: 5900.0

--> Costo total: 414.381          Capacidad total: 22500.0

La solución anterior duró 0min 0seg    -------> Nuevo optimo local. Costo: 414.381       ==> Optimo: 375.0  Desvio: 10.5%
Lista tabu: [((6,8,5.385),3), ((7,3,19.849),3), ((2,7,18.682),3), ((7,8,15.524),1), ((8,10,6.325),1), ((10,1,27.659),1), ((11,4,28.425),1), ((18,17,14.318),2), ((15,1,7.071),2), ((15,18,15.033),1), ((1,13,11.18),3), ((17,15,5.385),3), ((1,17,9.849),2), ((18,17,14.318),4), ((22,21,16.279),4), ((18,21,11.314),3), ((4,9,19.209),8), ((9,5,19.105),8), ((7,8,15.524),8), ((7,9,8.062),6)]

+-+-+-+-+-+-+-+-+-+-+-+-+-+-+-+-+-+-+-+-+-+-+-+-+- Iteracion 19  +-+-+-+-+-+-+-+-+-+-+-+-+-+-+-+-+-+-+-+-+-+-+-+-+-


Ruta #1: [1, 10, 8, 6, 7, 3, 2]
Costo asociado: 134.15699999999998      Capacidad: 5600.0

Ruta #2: [1, 11, 9, 4, 5, 12, 14]
Costo asociado: 102.58000000000001      Capacidad: 5400.0

Ruta #3: [1, 13, 16, 18, 17, 15]
Costo asociado: 72.668      Capacidad: 5600.0

Ruta #4: [1, 20, 22, 21, 19]
Costo asociado: 100.126      Capacidad: 5900.0

--> Costo total: 409.53099999999995          Capacidad total: 22500.0

La solución anterior duró 0min 0seg    -------> Nuevo optimo local. Costo: 409.531       ==> Optimo: 375.0  Desvio: 9.2%
Lista tabu: [((4,9,19.209),3), ((9,5,19.105),3), ((7,8,15.524),3), ((7,9,8.062),1), ((7,9,8.062),4), ((9,8,19.235),4), ((11,4,28.425),4), ((11,9,9.22),2), ((18,17,14.318),2), ((15,1,7.071),2), ((15,18,15.033),1), ((8,10,6.325),3), ((10,1,27.659),3), ((1,11,17.263),3), ((10,11,15.524),2), ((1,13,11.18),4), ((17,15,5.385),4), ((1,17,9.849),3), ((18,17,14.318),5), ((22,21,16.279),5), ((18,21,11.314),4)]

+-+-+-+-+-+-+-+-+-+-+-+-+-+-+-+-+-+-+-+-+-+-+-+-+- Iteracion 31  +-+-+-+-+-+-+-+-+-+-+-+-+-+-+-+-+-+-+-+-+-+-+-+-+-


Ruta #1: [1, 10, 8, 6, 3, 2]
Costo asociado: 111.839      Capacidad: 5200.0

Ruta #2: [1, 11, 9, 7, 4, 5, 12, 14]
Costo asociado: 109.322      Capacidad: 5800.0

Ruta #3: [1, 13, 16, 18, 17, 15]
Costo asociado: 72.668      Capacidad: 5600.0

Ruta #4: [1, 20, 22, 21, 19]
Costo asociado: 100.126      Capacidad: 5900.0

--> Costo total: 393.95500000000004          Capacidad total: 22500.0

La solución anterior duró 0min 0seg    -------> Nuevo optimo local. Costo: 393.955       ==> Optimo: 375.0  Desvio: 5.1%
Lista tabu: [((10,8,6.325),1), ((1,11,17.263),1), ((18,17,14.318),2), ((15,1,7.071),2), ((15,18,15.033),1), ((7,3,19.849),3), ((8,6,5.385),3), ((3,6,14.56),2), ((5,12,21.0),4), ((11,9,9.22),4), ((9,12,16.125),3), ((10,8,6.325),5), ((1,11,17.263),5), ((10,11,15.524),4)]

+-+-+-+-+-+-+-+-+-+-+-+-+-+-+-+-+-+-+-+-+-+-+-+-+- Iteracion 247  +-+-+-+-+-+-+-+-+-+-+-+-+-+-+-+-+-+-+-+-+-+-+-+-+-


Ruta #1: [1, 10, 8, 6, 3, 2, 7]
Costo asociado: 112.17099999999999      Capacidad: 5600.0

Ruta #2: [1, 11, 9, 4, 5, 12, 14]
Costo asociado: 102.58000000000001      Capacidad: 5400.0

Ruta #3: [1, 13, 16, 18, 17, 15]
Costo asociado: 72.668      Capacidad: 5600.0

Ruta #4: [1, 20, 22, 21, 19]
Costo asociado: 100.126      Capacidad: 5900.0

--> Costo total: 387.54499999999996          Capacidad total: 22500.0

La solución anterior duró 0min 2seg    -------> Nuevo optimo local. Costo: 387.545       ==> Optimo: 375.0  Desvio: 3.3000000000000003%
Lista tabu: [((5,12,21.0),1), ((9,7,8.062),1), ((11,9,9.22),1), ((6,3,14.56),2), ((10,8,6.325),2), ((3,8,19.105),1), ((5,12,21.0),3), ((9,7,8.062),3), ((11,9,9.22),3), ((9,5,19.105),2), ((6,3,14.56),4), ((10,8,6.325),4), ((3,8,19.105),3), ((1,13,11.18),5), ((17,15,5.385),5), ((18,17,14.318),5), ((13,17,18.601),4)]

+-+-+-+-+-+-+-+-+-+-+-+-+-+-+-+-+-+- Solucion Optima +-+-+-+-+-+-+-+-+-+-+-+-+-+-+-+-+-+-

Ruta #1: [1, 10, 8, 6, 3, 2, 7]
Costo asociado: 112.17099999999999      Capacidad: 5600.0

Ruta #2: [1, 11, 9, 4, 5, 12, 14]
Costo asociado: 102.58000000000001      Capacidad: 5400.0

Ruta #3: [1, 13, 16, 18, 17, 15]
Costo asociado: 72.668      Capacidad: 5600.0

Ruta #4: [1, 20, 22, 21, 19]
Costo asociado: 100.126      Capacidad: 5900.0


Costo total:  387.545        Optimo real:  375.0      Desviación: 3.3000000000000003%

Cantidad de iteraciones: 248
Nro de vehiculos: 4
Capacidad Maxima/Vehiculo: 6000.0
Tiempo total: 0min 5seg
Tiempo de estancamiento: 0min 0seg
