+-+-+-+-+-+-+-+-+-+-+-+-+-+-+ GRAFO CARGADO +-+-+-+-+-+-+-+-+-+-+-+-+-+-+-
        1         2         3         4         5         6         7         8         9         10        11        12        13        14        15        16        17        18        19        20        21        22        23        24        25        26        27        28        29        30        31        32        33
1     0         68.264    52.811    34.438    48.332    62.61    64.846    65.299    69.318    69.771    72.918    63.906    56.303    69.051    74.007    77.104    115.248    85.147    90.956    91.679    107.968    101.242    103.368    118.87    113.635    93.048    89.454    96.876    96.317    85.703    57.974    61.033    67.624    
2     68.264    0         21.095    38.079    61.221    25.06    25.08    26.0    25.71    26.683    25.08    17.889    19.849    6.0    7.81    9.22    56.727    17.029    26.249    26.401    42.72    37.014    36.674    51.245    45.398    25.179    25.807    33.838    37.483    36.401    24.187    10.63    21.84    
3     52.811    21.095    0         19.105    40.361    12.53    14.422    15.264    18.439    19.209    21.26    11.18    3.606    18.682    28.844    29.967    77.621    37.0    38.471    39.319    55.317    48.508    51.245    67.119    63.198    45.222    46.872    54.918    58.138    54.644    32.558    21.954    15.62    
4     34.438    38.079    19.105    0         31.016    28.178    30.414    30.887    34.886    35.355    38.484    29.833    22.361    37.121    45.222    47.297    92.282    54.918    57.559    58.421    74.33    67.469    70.349    86.209    82.055    63.151    62.769    70.774    72.56    65.947    39.051    34.482    33.242    
5     48.332    61.221    40.361    31.016    0         39.395    40.853    40.497    43.966    43.681    47.802    45.651    41.4    57.689    69.029    69.635    117.924    75.802    71.169    72.422    85.329    78.447    83.934    99.69    98.351    83.726    87.006    95.0    98.494    94.366    69.116    61.62    45.31    
6     62.61    25.06    12.53    28.178    39.395    0         2.236    2.828    6.708    7.211    10.44    7.211    9.487    20.0    32.45    31.89    80.66    37.014    32.388    33.541    48.01    41.012    45.398    61.4    59.203    44.654    49.578    57.28    62.008    61.327    43.0    30.414    6.083    
7     64.846    25.08    14.422    30.414    40.853    2.236    0         1.0    4.472    5.0    8.246    7.28    11.18    19.723    32.249    31.401    80.056    36.125    30.594    31.78    46.0    39.0    43.566    59.54    57.567    43.6    49.041    56.639    61.612    61.465    44.045    31.145    4.472    
8     65.299    26.0    15.264    30.887    40.497    2.828    1.0    0         4.123    4.472    8.062    8.246    12.083    20.591    33.121    32.202    80.808    36.797    30.806    32.016    46.011    39.013    43.738    59.682    57.871    44.204    49.82    57.385    62.426    62.394    45.044    32.14    5.0    
9     69.318    25.71    18.439    34.886    43.966    6.708    4.472    4.123    0         1.0    4.0    9.22    15.0    19.925    32.311    30.887    79.025    34.713    27.203    28.46    42.048    35.057    40.025    55.902    54.424    41.773    48.26    55.606    61.057    61.984    46.39    33.015    4.0    
10    69.771    26.683    19.209    35.355    43.681    7.211    5.0    4.472    1.0    0         4.123    10.198    15.811    20.881    33.242    31.765    79.812    35.468    27.514    28.792    42.107    35.128    40.262    56.089    54.781    42.45    49.092    56.4    61.911    62.936    47.381    34.015    5.0    
11    72.918    25.08    21.26    38.484    47.802    10.44    8.246    8.062    4.0    4.123    0         10.817    17.692    19.105    31.048    29.155    76.609    32.202    23.409    24.698    38.053    31.064    36.139    51.971    50.695    38.897    46.141    53.254    59.059    60.877    47.074    33.377    5.657    
12    63.906    17.889    11.18    29.833    45.651    7.211    7.28    8.246    9.22    10.198    10.817    0         7.616    12.806    25.239    24.759    73.553    30.232    28.018    29.0    44.553    37.656    41.0    57.009    53.935    38.079    42.45    50.21    54.818    54.231    37.216    24.021    5.385    
13    56.303    19.849    3.606    22.361    41.4    9.487    11.18    12.083    15.0    15.811    17.692    7.616    0         16.553    27.659    28.302    76.577    34.928    35.228    36.125    51.971    45.122    48.094    64.031    60.407    43.081    45.607    53.6    57.28    54.708    34.132    22.472    12.042    
14    69.051    6.0    18.682    37.121    57.689    20.0    19.723    20.591    19.925    20.881    19.105    12.806    16.553    0         12.53    12.042    60.811    18.385    22.825    23.259    39.812    33.615    34.482    49.82    45.0    26.571    29.698    37.537    42.012    42.059    29.547    15.652    16.155    
15    74.007    7.81    28.844    45.222    69.029    32.45    32.249    33.121    32.311    33.242    31.048    25.239    27.659    12.53    0         4.243    48.918    11.705    26.077    25.807    41.037    36.235    34.205    47.424    40.522    19.105    18.028    26.077    29.732    29.833    24.083    13.342    28.636    
16    77.104    9.22    29.967    47.297    69.635    31.89    31.401    32.202    30.887    31.765    29.155    24.759    28.302    12.042    4.243    0         48.795    8.062    21.954    21.633    36.797    32.016    30.0    43.463    36.878    16.031    17.692    25.495    30.232    32.249    28.32    17.088    27.459    
17    115.248    56.727    77.621    92.282    117.924    80.66    80.056    80.808    79.025    79.812    76.609    73.553    76.577    60.811    48.918    48.795    0         44.407    58.694    57.385    60.407    61.612    53.935    52.345    43.046    38.471    31.113    23.431    19.723    30.15    57.28    57.801    75.928    
18    85.147    17.029    37.0    54.918    75.802    37.014    36.125    36.797    34.713    35.468    32.202    30.232    34.928    18.385    11.705    8.062    44.407    0         18.248    17.464    30.61    26.833    23.345    35.777    28.862    8.246    14.56    21.095    27.514    33.242    35.228    25.0    31.828    
19    90.956    26.249    38.471    57.559    71.169    32.388    30.594    30.806    27.203    27.514    23.409    28.018    35.228    22.825    26.077    21.954    58.694    18.248    0         1.414    17.088    10.817    13.038    29.069    27.313    20.616    32.016    36.878    44.407    51.478    49.679    36.797    26.306    
20    91.679    26.401    39.319    58.421    72.422    33.541    31.78    32.016    28.46    28.792    24.698    29.0    36.125    23.259    25.807    21.633    57.385    17.464    1.414    0         16.553    10.63    12.0    28.018    26.0    19.416    31.0    35.693    43.29    50.636    49.578    36.878    27.459    
21    107.968    42.72    55.317    74.33    85.329    48.01    46.0    46.011    42.048    42.107    38.053    44.553    51.971    39.812    41.037    36.797    60.407    30.61    17.088    16.553    0         7.0    7.616    15.264    19.235    28.231    40.853    42.755    50.99    61.465    65.115    53.009    42.048    
22    101.242    37.014    48.508    67.469    78.447    41.012    39.0    39.013    35.057    35.128    31.064    37.656    45.122    33.615    36.235    32.016    61.612    26.833    10.817    10.63    7.0    0         8.062    21.541    23.345    26.306    38.833    42.012    50.09    59.203    60.141    47.508    35.057    
23    103.368    36.674    51.245    70.349    83.934    45.398    43.566    43.738    40.025    40.262    36.139    41.0    48.094    34.482    34.205    30.0    53.935    23.345    13.038    12.0    7.616    8.062    0         16.031    15.62    20.616    33.242    35.355    43.566    53.852    58.258    46.648    39.319    
24    118.87    51.245    67.119    86.209    99.69    61.4    59.54    59.682    55.902    56.089    51.971    57.009    64.031    49.82    47.424    43.463    52.345    35.777    29.069    28.018    15.264    21.541    16.031    0         9.849    30.0    41.037    39.962    47.885    60.803    70.831    60.539    55.326    
25    113.635    45.398    63.198    82.055    98.351    59.203    57.567    57.871    54.424    54.781    50.695    53.935    60.407    45.0    40.522    36.878    43.046    28.862    27.313    26.0    19.235    23.345    15.62    9.849    0         21.932    31.89    30.232    38.079    51.225    63.071    53.852    53.16    
26    93.048    25.179    45.222    63.151    83.726    44.654    43.6    44.204    41.773    42.45    38.897    38.079    43.081    26.571    19.105    16.031    38.471    8.246    20.616    19.416    28.231    26.306    20.616    30.0    21.932    0         12.649    16.279    24.021    33.242    41.146    32.388    39.205    
27    89.454    25.807    46.872    62.769    87.006    49.578    49.041    49.82    48.26    49.092    46.141    42.45    45.607    29.698    18.028    17.692    31.113    14.56    32.016    31.0    40.853    38.833    33.242    41.037    31.89    12.649    0         8.062    13.0    20.616    33.541    28.862    45.0    
28    96.876    33.838    54.918    70.774    95.0    57.28    56.639    57.385    55.606    56.4    53.254    50.21    53.6    37.537    26.077    25.495    23.431    21.095    36.878    35.693    42.755    42.012    35.355    39.962    30.232    16.279    8.062    0         8.246    21.213    40.05    36.688    52.498    
29    96.317    37.483    58.138    72.56    98.494    62.008    61.612    62.426    61.057    61.911    59.059    54.818    57.28    42.012    29.732    30.232    19.723    27.514    44.407    43.29    50.99    50.09    43.566    47.885    38.079    24.021    13.0    8.246    0         14.765    38.471    38.079    57.689    
30    85.703    36.401    54.644    65.947    94.366    61.327    61.465    62.394    61.984    62.936    60.877    54.231    54.708    42.059    29.833    32.249    30.15    33.242    51.478    50.636    61.465    59.203    53.852    60.803    51.225    33.242    20.616    21.213    14.765    0         28.178    32.802    58.189    
31    57.974    24.187    32.558    39.051    69.116    43.0    44.045    45.044    46.39    47.381    47.074    37.216    34.132    29.547    24.083    28.32    57.28    35.228    49.679    49.578    65.115    60.141    58.258    70.831    63.071    41.146    33.541    40.05    38.471    28.178    0         13.928    42.426    
32    61.033    10.63    21.954    34.482    61.62    30.414    31.145    32.14    33.015    34.015    33.377    24.021    22.472    15.652    13.342    17.088    57.801    25.0    36.797    36.878    53.009    47.508    46.648    60.539    53.852    32.388    28.862    36.688    38.079    32.802    13.928    0         29.017    
33    67.624    21.84    15.62    33.242    45.31    6.083    4.472    5.0    4.0    5.0    5.657    5.385    12.042    16.155    28.636    27.459    75.928    31.828    26.306    27.459    42.048    35.057    39.319    55.326    53.16    39.205    45.0    52.498    57.689    58.189    42.426    29.017    0         


Demandas:
1: 0.0
2: 700.0
3: 400.0
4: 400.0
5: 1200.0
6: 40.0
7: 80.0
8: 2000.0
9: 900.0
10: 600.0
11: 750.0
12: 1500.0
13: 150.0
14: 250.0
15: 1600.0
16: 450.0
17: 700.0
18: 550.0
19: 650.0
20: 200.0
21: 400.0
22: 300.0
23: 1300.0
24: 700.0
25: 750.0
26: 1400.0
27: 4000.0
28: 600.0
29: 1000.0
30: 500.0
31: 2500.0
32: 1700.0
33: 1100.0
+-+-+-+-+-+-+-+-+-+-+-+-+-+-+-+ SOLUCION INICIAL +-+-+-+-+-+-+-+-+-+-+-+-+-+-+-+-

Ruta #1: [1, 2, 5, 32, 31]
Costo asociado: 263.007      Capacidad: 6100.0

Ruta #2: [1, 4, 6, 7, 8, 10, 11, 9, 33, 12, 13, 3]
Costo asociado: 151.865      Capacidad: 7920.0

Ruta #3: [1, 17, 30, 28, 29, 21, 22, 23, 24, 25, 26]
Costo asociado: 381.769      Capacidad: 7650.0

Ruta #4: [1, 15, 16, 18, 27, 19, 20, 14]
Costo asociado: 226.61199999999997      Capacidad: 7700.0

--> Costo total: 1023.253          Capacidad total: 29370.0

+-+-+-+-+-+-+-+-+-+-+-+-+-+-+-+-+-+-+-+-+-+-+-+-+- Iteracion 4  +-+-+-+-+-+-+-+-+-+-+-+-+-+-+-+-+-+-+-+-+-+-+-+-+-


Ruta #1: [1, 3, 5, 32, 31]
Costo asociado: 226.694      Capacidad: 5800.0

Ruta #2: [1, 4, 6, 7, 8, 10, 11, 9, 33, 12, 13, 2]
Costo asociado: 183.561      Capacidad: 8220.0

Ruta #3: [1, 17, 30, 28, 29, 21, 22, 23, 24, 25, 26]
Costo asociado: 381.769      Capacidad: 7650.0

Ruta #4: [1, 15, 16, 18, 27, 19, 20, 14]
Costo asociado: 226.61199999999997      Capacidad: 7700.0

--> Costo total: 1018.636          Capacidad total: 29370.0

La solución anterior duró 0min 0seg    -------> Nuevo optimo local. Costo: 1018.636       ==> Optimo: 835.0  Desvio: 22.0%
Lista tabu: [((4,6,28.178:104),4), ((33,12,5.385:395),4), ((6,12,7.211:176),3), ((16,18,8.062:512),5), ((18,27,14.56:587),5), ((30,28,21.213:920),5), ((28,29,8.246:919),5), ((18,29,27.514:589),4), ((7,8,1.0:205),6), ((33,12,5.385:395),6), ((8,12,8.246:242),5)]

+-+-+-+-+-+-+-+-+-+-+-+-+-+-+-+-+-+-+-+-+-+-+-+-+- Iteracion 5  +-+-+-+-+-+-+-+-+-+-+-+-+-+-+-+-+-+-+-+-+-+-+-+-+-


Ruta #1: [1, 3, 5, 32, 31]
Costo asociado: 226.694      Capacidad: 5800.0

Ruta #2: [1, 4, 6, 7, 8, 10, 11, 9, 33, 12, 13, 2]
Costo asociado: 183.561      Capacidad: 8220.0

Ruta #3: [1, 26, 25, 24, 23, 22, 21, 29, 28, 17, 30]
Costo asociado: 354.442      Capacidad: 7650.0

Ruta #4: [1, 15, 16, 18, 27, 19, 20, 14]
Costo asociado: 226.61199999999997      Capacidad: 7700.0

--> Costo total: 991.309          Capacidad total: 29370.0

La solución anterior duró 0min 0seg    -------> Nuevo optimo local. Costo: 991.309       ==> Optimo: 835.0  Desvio: 18.7%
Lista tabu: [((4,6,28.178:104),3), ((33,12,5.385:395),3), ((6,12,7.211:176),2), ((16,18,8.062:512),4), ((18,27,14.56:587),4), ((30,28,21.213:920),4), ((28,29,8.246:919),4), ((18,29,27.514:589),3), ((7,8,1.0:205),5), ((33,12,5.385:395),5), ((8,12,8.246:242),4), ((1,2,68.264:1),10), ((2,5,61.221:37),10), ((13,3,3.606:78),10), ((3,1,52.811:2),10), ((2,13,19.849:45),8)]

+-+-+-+-+-+-+-+-+-+-+-+-+-+-+-+-+-+-+-+-+-+-+-+-+- Iteracion 17  +-+-+-+-+-+-+-+-+-+-+-+-+-+-+-+-+-+-+-+-+-+-+-+-+-


Ruta #1: [1, 3, 5, 2, 32, 31]
Costo asociado: 236.92499999999998      Capacidad: 6500.0

Ruta #2: [1, 4, 6, 7, 8, 10, 11, 9, 33, 12, 13]
Costo asociado: 151.751      Capacidad: 7520.0

Ruta #3: [1, 26, 25, 24, 23, 22, 21, 29, 28, 17, 30]
Costo asociado: 354.442      Capacidad: 7650.0

Ruta #4: [1, 15, 16, 18, 27, 19, 20, 14]
Costo asociado: 226.61199999999997      Capacidad: 7700.0

--> Costo total: 969.7299999999999          Capacidad total: 29370.0

La solución anterior duró 0min 0seg    -------> Nuevo optimo local. Costo: 969.73       ==> Optimo: 835.0  Desvio: 16.1%
Lista tabu: [((20,14,23.259:448),1), ((16,18,8.062:512),1), ((15,16,4.243:477),1), ((21,29,50.99:688),2), ((25,24,9.849:783),2), ((26,25,21.932:817),2), ((21,25,19.235:684),1), ((10,11,4.123:307),3), ((11,9,4.0:274),3), ((20,14,23.259:448),3), ((14,1,69.051:13),3), ((11,20,24.698:349),2), ((1,15,74.007:14),4), ((16,18,8.062:512),4), ((15,18,11.705:479),3), ((20,14,23.259:448),5), ((14,1,69.051:13),5), ((1,3,52.811:2),5), ((3,14,18.682:79),4), ((6,7,2.236:171),6), ((33,12,5.385:395),6), ((7,12,7.28:209),5)]

+-+-+-+-+-+-+-+-+-+-+-+-+-+-+-+-+-+-+-+-+-+-+-+-+- Iteracion 36  +-+-+-+-+-+-+-+-+-+-+-+-+-+-+-+-+-+-+-+-+-+-+-+-+-


Ruta #1: [1, 3, 5, 2, 32, 31]
Costo asociado: 236.92499999999998      Capacidad: 6500.0

Ruta #2: [1, 4, 6, 7, 8, 10, 11, 9, 33, 12, 13]
Costo asociado: 151.751      Capacidad: 7520.0

Ruta #3: [1, 26, 25, 24, 23, 22, 21, 29, 28, 17, 30]
Costo asociado: 354.442      Capacidad: 7650.0

Ruta #4: [1, 14, 19, 20, 27, 18, 16, 15]
Costo asociado: 225.162      Capacidad: 7700.0

--> Costo total: 968.28          Capacidad total: 29370.0

La solución anterior duró 0min 0seg    -------> Nuevo optimo local. Costo: 968.28       ==> Optimo: 835.0  Desvio: 16.0%
Lista tabu: [((1,15,74.007:14),1), ((16,18,8.062:512),1), ((12,13,7.616:375),2), ((13,1,56.303:0),2), ((2,32,10.63:64),2), ((13,32,22.472:427),1), ((8,10,4.472:240),3), ((12,13,7.616:375),3), ((10,13,15.811:309),2), ((2,32,10.63:64),4), ((32,31,13.928:1021),4), ((1,15,74.007:14),4), ((15,16,4.243:477),4), ((2,15,7.81:47),3), ((29,28,8.246:919),5), ((17,30,30.15:557),5), ((28,30,21.213:920),4), ((15,16,4.243:477),6), ((16,18,8.062:512),6), ((29,28,8.246:919),6), ((28,17,23.431:555),6), ((15,28,26.077:489),5)]

+-+-+-+-+-+-+-+-+-+-+-+-+-+-+-+-+-+-+-+-+-+-+-+-+- Iteracion 42  +-+-+-+-+-+-+-+-+-+-+-+-+-+-+-+-+-+-+-+-+-+-+-+-+-


Ruta #1: [1, 3, 5, 2, 32, 31]
Costo asociado: 236.92499999999998      Capacidad: 6500.0

Ruta #2: [1, 4, 6, 7, 8, 10, 11, 9, 33, 12, 13]
Costo asociado: 151.751      Capacidad: 7520.0

Ruta #3: [1, 26, 27, 18, 16, 15]
Costo asociado: 206.56900000000002      Capacidad: 8000.0

Ruta #4: [1, 14, 19, 20, 25, 24, 23, 22, 21, 29, 28, 17, 30]
Costo asociado: 358.75200000000007      Capacidad: 7350.0

--> Costo total: 953.9970000000001          Capacidad total: 29370.0

La solución anterior duró 0min 0seg    -------> Nuevo optimo local. Costo: 953.997       ==> Optimo: 835.0  Desvio: 14.299999999999999%
Lista tabu: [((27,19,32.016:620),5), ((20,14,23.259:448),5), ((19,14,22.825:447),3), ((12,13,7.616:375),2), ((13,1,56.303:0),2), ((1,14,69.051:13),2), ((13,14,16.553:409),1), ((9,33,4.0:296),3), ((12,13,7.616:375),3), ((13,33,12.042:428),2), ((4,6,28.178:104),4), ((8,10,4.472:240),4), ((6,10,7.211:174),3), ((26,25,21.932:817),5), ((5,2,61.221:37),5), ((2,26,25.179:58),4), ((6,7,2.236:171),6), ((8,10,4.472:240),6), ((6,8,2.828:172),5)]

+-+-+-+-+-+-+-+-+-+-+-+-+-+-+-+-+-+-+-+-+-+-+-+-+- Iteracion 46  +-+-+-+-+-+-+-+-+-+-+-+-+-+-+-+-+-+-+-+-+-+-+-+-+-


Ruta #1: [1, 5, 2, 32, 31]
Costo asociado: 192.08499999999998      Capacidad: 6100.0

Ruta #2: [1, 4, 6, 7, 8, 10, 11, 9, 3, 33, 12, 13]
Costo asociado: 181.81      Capacidad: 7920.0

Ruta #3: [1, 26, 27, 18, 16, 15]
Costo asociado: 206.56900000000002      Capacidad: 8000.0

Ruta #4: [1, 14, 19, 20, 25, 24, 23, 22, 21, 29, 28, 17, 30]
Costo asociado: 358.75200000000007      Capacidad: 7350.0

--> Costo total: 939.216          Capacidad total: 29370.0

La solución anterior duró 0min 0seg    -------> Nuevo optimo local. Costo: 939.216       ==> Optimo: 835.0  Desvio: 12.5%
Lista tabu: [((27,19,32.016:620),1), ((20,14,23.259:448),1), ((26,25,21.932:817),1), ((5,2,61.221:37),1), ((6,7,2.236:171),2), ((8,10,4.472:240),2), ((6,8,2.828:172),1), ((26,25,21.932:817),7), ((20,27,31.0:653),7), ((26,27,12.649:851),5), ((27,18,14.56:587),4), ((18,16,8.062:512),4), ((14,19,22.825:447),4), ((14,18,18.385:446),3), ((10,11,4.123:307),5), ((11,9,4.0:274),5), ((5,2,61.221:37),5), ((2,11,25.08:43),4), ((19,20,1.414:613),6), ((23,22,8.062:715),6), ((19,23,13.038:616),5)]

+-+-+-+-+-+-+-+-+-+-+-+-+-+-+-+-+-+-+-+-+-+-+-+-+- Iteracion 57  +-+-+-+-+-+-+-+-+-+-+-+-+-+-+-+-+-+-+-+-+-+-+-+-+-


Ruta #1: [1, 5, 2, 32, 31]
Costo asociado: 192.08499999999998      Capacidad: 6100.0

Ruta #2: [1, 4, 6, 7, 8, 10, 11, 9, 3, 33, 12, 13]
Costo asociado: 181.81      Capacidad: 7920.0

Ruta #3: [1, 29, 27, 18, 16, 15]
Costo asociado: 210.189      Capacidad: 7600.0

Ruta #4: [1, 14, 19, 20, 25, 24, 23, 22, 21, 26, 28, 17, 30]
Costo asociado: 344.02600000000007      Capacidad: 7750.0

--> Costo total: 928.11          Capacidad total: 29370.0

La solución anterior duró 0min 0seg    -------> Nuevo optimo local. Costo: 928.11       ==> Optimo: 835.0  Desvio: 11.200000000000001%
Lista tabu: [((33,12,5.385:395),1), ((11,9,4.0:274),1), ((10,11,4.123:307),1), ((8,10,4.472:240),2), ((11,9,4.0:274),2), ((8,11,8.062:241),1), ((1,14,69.051:13),3), ((14,19,22.825:447),3), ((2,32,10.63:64),3), ((14,32,15.652:460),2), ((1,5,48.332:0),4), ((5,2,61.221:37),4), ((16,15,4.243:477),4), ((15,1,74.007:14),4), ((2,15,7.81:47),3), ((27,18,14.56:587),5), ((18,16,8.062:512),5), ((14,19,22.825:447),5), ((14,18,18.385:446),4), ((14,19,22.825:447),6), ((20,25,26.0:651),6), ((14,20,23.259:448),5)]

+-+-+-+-+-+-+-+-+-+-+-+-+-+-+-+-+-+-+-+-+-+-+-+-+- Iteracion 61  +-+-+-+-+-+-+-+-+-+-+-+-+-+-+-+-+-+-+-+-+-+-+-+-+-


Ruta #1: [1, 5, 2, 32, 31]
Costo asociado: 192.08499999999998      Capacidad: 6100.0

Ruta #2: [1, 4, 6, 7, 8, 10, 11, 33, 9, 3, 12, 13]
Costo asociado: 177.642      Capacidad: 7920.0

Ruta #3: [1, 29, 27, 18, 16, 15]
Costo asociado: 210.189      Capacidad: 7600.0

Ruta #4: [1, 14, 19, 20, 25, 24, 23, 22, 21, 26, 28, 17, 30]
Costo asociado: 344.02600000000007      Capacidad: 7750.0

--> Costo total: 923.942          Capacidad total: 29370.0

La solución anterior duró 0min 0seg    -------> Nuevo optimo local. Costo: 923.942       ==> Optimo: 835.0  Desvio: 10.7%
Lista tabu: [((27,18,14.56:587),1), ((18,16,8.062:512),1), ((14,19,22.825:447),1), ((14,19,22.825:447),2), ((20,25,26.0:651),2), ((14,20,23.259:448),1), ((1,26,93.048:25),7), ((26,27,12.649:851),7), ((21,29,50.99:688),7), ((29,28,8.246:919),7), ((27,29,13.0:886),5), ((9,3,18.439:74),4), ((3,33,15.62:98),4), ((2,32,10.63:64),4), ((3,32,21.954:97),3), ((8,10,4.472:240),5), ((12,13,7.616:375),5), ((10,13,15.811:309),4), ((19,20,1.414:613),6), ((23,22,8.062:715),6), ((19,23,13.038:616),5)]

+-+-+-+-+-+-+-+-+-+-+-+-+-+-+-+-+-+-+-+-+-+-+-+-+- Iteracion 70  +-+-+-+-+-+-+-+-+-+-+-+-+-+-+-+-+-+-+-+-+-+-+-+-+-


Ruta #1: [1, 5, 2, 32, 31]
Costo asociado: 192.08499999999998      Capacidad: 6100.0

Ruta #2: [1, 4, 6, 7, 8, 33, 11, 10, 9, 3, 12, 13]
Costo asociado: 175.17000000000002      Capacidad: 7920.0

Ruta #3: [1, 29, 27, 18, 16, 15]
Costo asociado: 210.189      Capacidad: 7600.0

Ruta #4: [1, 14, 19, 20, 25, 24, 23, 22, 21, 26, 28, 17, 30]
Costo asociado: 344.02600000000007      Capacidad: 7750.0

--> Costo total: 921.47          Capacidad total: 29370.0

La solución anterior duró 0min 0seg    -------> Nuevo optimo local. Costo: 921.47       ==> Optimo: 835.0  Desvio: 10.4%
Lista tabu: [((11,9,4.0:274),2), ((33,12,5.385:395),2), ((3,33,15.62:98),2), ((6,7,2.236:171),1), ((8,10,4.472:240),1), ((6,7,2.236:171),2), ((7,8,1.0:205),2), ((5,2,61.221:37),2), ((7,2,25.08:39),1), ((27,18,14.56:587),3), ((16,15,4.243:477),3), ((16,27,17.692:521),2), ((1,14,69.051:13),4), ((14,19,22.825:447),4), ((16,15,4.243:477),4), ((16,14,12.042:444),3), ((9,3,18.439:74),5), ((3,12,11.18:77),5), ((1,14,69.051:13),5), ((14,19,22.825:447),5), ((9,14,19.925:277),4), ((8,10,4.472:240),6), ((9,3,18.439:74),6), ((3,10,19.209:75),5)]

+-+-+-+-+-+-+-+-+-+-+-+-+-+-+-+-+-+-+-+-+-+-+-+-+- Iteracion 74  +-+-+-+-+-+-+-+-+-+-+-+-+-+-+-+-+-+-+-+-+-+-+-+-+-


Ruta #1: [1, 5, 2, 32, 31]
Costo asociado: 192.08499999999998      Capacidad: 6100.0

Ruta #2: [1, 4, 3, 6, 7, 8, 33, 11, 10, 9, 12, 13]
Costo asociado: 158.228      Capacidad: 7920.0

Ruta #3: [1, 29, 27, 18, 16, 15]
Costo asociado: 210.189      Capacidad: 7600.0

Ruta #4: [1, 14, 19, 20, 25, 24, 23, 22, 21, 26, 28, 17, 30]
Costo asociado: 344.02600000000007      Capacidad: 7750.0

--> Costo total: 904.528          Capacidad total: 29370.0

La solución anterior duró 0min 0seg    -------> Nuevo optimo local. Costo: 904.528       ==> Optimo: 835.0  Desvio: 8.3%
Lista tabu: [((9,3,18.439:74),1), ((3,12,11.18:77),1), ((1,14,69.051:13),1), ((14,19,22.825:447),1), ((8,10,4.472:240),2), ((9,3,18.439:74),2), ((3,10,19.209:75),1), ((8,10,4.472:240),7), ((33,9,4.0:296),7), ((8,33,5.0:263),5), ((12,13,7.616:375),4), ((13,1,56.303:12),4), ((5,2,61.221:37),4), ((2,13,19.849:45),3), ((1,14,69.051:13),5), ((14,19,22.825:447),5), ((18,16,8.062:512),5), ((14,18,18.385:446),4), ((1,14,69.051:13),6), ((14,19,22.825:447),6), ((5,2,61.221:37),6), ((2,14,6.0:46),5)]

+-+-+-+-+-+-+-+-+-+-+-+-+-+-+-+-+-+-+-+-+-+-+-+-+- Iteracion 80  +-+-+-+-+-+-+-+-+-+-+-+-+-+-+-+-+-+-+-+-+-+-+-+-+-


Ruta #1: [1, 5, 2, 32, 31]
Costo asociado: 192.08499999999998      Capacidad: 6100.0

Ruta #2: [1, 4, 3, 6, 7, 8, 33, 11, 10, 9, 12, 13]
Costo asociado: 158.228      Capacidad: 7920.0

Ruta #3: [1, 29, 27, 18, 16, 15]
Costo asociado: 210.189      Capacidad: 7600.0

Ruta #4: [1, 14, 19, 20, 25, 24, 21, 22, 23, 26, 28, 17, 30]
Costo asociado: 335.644      Capacidad: 7750.0

--> Costo total: 896.146          Capacidad total: 29370.0

La solución anterior duró 0min 0seg    -------> Nuevo optimo local. Costo: 896.146       ==> Optimo: 835.0  Desvio: 7.3%
Lista tabu: [((8,10,4.472:240),1), ((33,9,4.0:296),1), ((4,6,28.178:104),5), ((3,12,11.18:77),5), ((9,3,18.439:74),5), ((3,4,19.105:69),3), ((26,28,16.279:852),2), ((18,16,8.062:512),2), ((16,26,16.031:520),1), ((27,18,14.56:587),3), ((18,16,8.062:512),3), ((2,32,10.63:64),3), ((18,32,25.0:592),2), ((27,18,14.56:587),4), ((18,16,8.062:512),4), ((2,32,10.63:64),4), ((18,32,25.0:592),3), ((6,7,2.236:171),5), ((9,12,9.22:275),5), ((6,9,6.708:173),4), ((9,12,9.22:275),6), ((8,33,5.0:263),6), ((7,8,1.0:205),6), ((8,12,8.246:242),5)]

+-+-+-+-+-+-+-+-+-+-+-+-+-+-+-+-+-+-+-+-+-+-+-+-+- Iteracion 90  +-+-+-+-+-+-+-+-+-+-+-+-+-+-+-+-+-+-+-+-+-+-+-+-+-


Ruta #1: [1, 5, 2, 32, 31]
Costo asociado: 192.08499999999998      Capacidad: 6100.0

Ruta #2: [1, 4, 3, 6, 7, 8, 11, 10, 9, 33, 12, 13]
Costo asociado: 155.798      Capacidad: 7920.0

Ruta #3: [1, 29, 27, 18, 16, 15]
Costo asociado: 210.189      Capacidad: 7600.0

Ruta #4: [1, 14, 19, 20, 25, 24, 21, 22, 23, 26, 28, 17, 30]
Costo asociado: 335.644      Capacidad: 7750.0

--> Costo total: 893.716          Capacidad total: 29370.0

La solución anterior duró 0min 0seg    -------> Nuevo optimo local. Costo: 893.716       ==> Optimo: 835.0  Desvio: 7.000000000000001%
Lista tabu: [((24,23,16.031:749),1), ((21,26,28.231:685),1), ((8,33,5.0:263),1), ((6,7,2.236:171),1), ((3,6,12.53:71),1), ((5,2,61.221:37),2), ((32,31,13.928:1021),2), ((2,31,24.187:63),1), ((11,10,4.123:307),3), ((9,12,9.22:275),3), ((10,12,10.198:308),2), ((1,14,69.051:13),4), ((14,19,22.825:447),4), ((5,2,61.221:37),4), ((2,14,6.0:46),3), ((18,16,8.062:512),5), ((15,1,74.007:14),5), ((15,18,11.705:479),4), ((3,6,12.53:71),6), ((7,8,1.0:205),6), ((3,7,14.422:72),5)]

+-+-+-+-+-+-+-+-+-+-+-+-+-+-+-+-+-+-+-+-+-+-+-+-+- Iteracion 102  +-+-+-+-+-+-+-+-+-+-+-+-+-+-+-+-+-+-+-+-+-+-+-+-+-


Ruta #1: [1, 5, 2, 32, 31]
Costo asociado: 192.08499999999998      Capacidad: 6100.0

Ruta #2: [1, 13, 12, 33, 9, 11, 10, 8, 7, 6, 3, 4]
Costo asociado: 155.20800000000003      Capacidad: 7920.0

Ruta #3: [1, 29, 27, 18, 16, 15]
Costo asociado: 210.189      Capacidad: 7600.0

Ruta #4: [1, 14, 19, 20, 25, 24, 21, 22, 23, 26, 28, 17, 30]
Costo asociado: 335.644      Capacidad: 7750.0

--> Costo total: 893.126          Capacidad total: 29370.0

La solución anterior duró 0min 0seg    -------> Nuevo optimo local. Costo: 893.126       ==> Optimo: 835.0  Desvio: 7.000000000000001%
Lista tabu: [((12,13,7.616:375),1), ((13,1,56.303:12),1), ((1,14,69.051:13),1), ((19,20,1.414:613),2), ((22,23,8.062:715),2), ((21,22,7.0:681),2), ((19,22,10.817:615),1), ((14,19,22.825:447),3), ((20,25,26.0:651),3), ((14,20,23.259:448),2), ((26,28,16.279:852),4), ((17,30,30.15:557),4), ((28,30,21.213:920),3), ((24,21,15.264:683),5), ((22,23,8.062:715),5), ((21,23,7.616:682),4), ((33,12,5.385:395),6), ((12,13,7.616:375),6), ((14,19,22.825:447),6), ((19,20,1.414:613),6), ((12,14,12.806:376),5)]

+-+-+-+-+-+-+-+-+-+-+-+-+-+-+-+-+-+-+-+-+-+-+-+-+- Iteracion 122  +-+-+-+-+-+-+-+-+-+-+-+-+-+-+-+-+-+-+-+-+-+-+-+-+-


Ruta #1: [1, 5, 2, 32, 31]
Costo asociado: 192.08499999999998      Capacidad: 6100.0

Ruta #2: [1, 13, 12, 33, 11, 9, 10, 8, 7, 6, 3, 4]
Costo asociado: 153.74200000000002      Capacidad: 7920.0

Ruta #3: [1, 29, 27, 18, 16, 15]
Costo asociado: 210.189      Capacidad: 7600.0

Ruta #4: [1, 14, 19, 20, 25, 24, 21, 22, 23, 26, 28, 17, 30]
Costo asociado: 335.644      Capacidad: 7750.0

--> Costo total: 891.66          Capacidad total: 29370.0

La solución anterior duró 0min 0seg    -------> Nuevo optimo local. Costo: 891.66       ==> Optimo: 835.0  Desvio: 6.800000000000001%
Lista tabu: [((13,12,7.616:375),1), ((10,8,4.472:240),1), ((13,12,7.616:375),2), ((1,14,69.051:13),2), ((13,14,16.553:409),1), ((10,8,4.472:240),3), ((7,6,2.236:171),3), ((7,10,5.0:207),2), ((14,19,22.825:447),4), ((23,26,20.616:751),4), ((19,26,20.616:619),3), ((3,4,19.105:69),5), ((4,1,34.438:3),5), ((1,14,69.051:13),5), ((14,19,22.825:447),5), ((3,14,18.682:79),4), ((9,11,4.0:274),6), ((10,8,4.472:240),6), ((8,11,8.062:241),5)]

+-+-+-+-+-+-+-+-+-+-+-+-+-+-+-+-+-+-+-+-+-+-+-+-+- Iteracion 146  +-+-+-+-+-+-+-+-+-+-+-+-+-+-+-+-+-+-+-+-+-+-+-+-+-


Ruta #1: [1, 5, 2, 32, 31]
Costo asociado: 192.08499999999998      Capacidad: 6100.0

Ruta #2: [1, 4, 13, 12, 33, 11, 9, 10, 8, 7, 6, 3]
Costo asociado: 153.506      Capacidad: 7920.0

Ruta #3: [1, 29, 27, 18, 16, 15]
Costo asociado: 210.189      Capacidad: 7600.0

Ruta #4: [1, 14, 19, 20, 25, 24, 21, 22, 23, 26, 28, 17, 30]
Costo asociado: 335.644      Capacidad: 7750.0

--> Costo total: 891.424          Capacidad total: 29370.0

La solución anterior duró 0min 0seg    -------> Nuevo optimo local. Costo: 891.424       ==> Optimo: 835.0  Desvio: 6.800000000000001%
Lista tabu: [((33,11,5.657:362),1), ((5,2,61.221:37),1), ((12,33,5.385:395),2), ((9,10,1.0:273),2), ((11,9,4.0:274),2), ((9,12,9.22:275),1), ((33,11,5.657:362),3), ((5,2,61.221:37),3), ((2,33,21.84:65),2), ((24,21,15.264:683),4), ((23,26,20.616:751),4), ((22,23,8.062:715),4), ((23,24,16.031:749),3), ((18,16,8.062:512),5), ((16,15,4.243:477),5), ((14,19,22.825:447),5), ((19,20,1.414:613),5), ((18,19,18.248:579),4), ((13,12,7.616:375),6), ((33,11,5.657:362),6), ((13,33,12.042:428),5)]

+-+-+-+-+-+-+-+-+-+-+-+-+-+-+-+-+-+-+-+-+-+-+-+-+- Iteracion 158  +-+-+-+-+-+-+-+-+-+-+-+-+-+-+-+-+-+-+-+-+-+-+-+-+-


Ruta #1: [1, 5, 33, 11, 9, 10, 8, 7, 6, 3]
Costo asociado: 177.34799999999998      Capacidad: 7070.0

Ruta #2: [1, 4, 13, 12, 2, 32, 31]
Costo asociado: 164.83599999999998      Capacidad: 6950.0

Ruta #3: [1, 29, 27, 18, 16, 15]
Costo asociado: 210.189      Capacidad: 7600.0

Ruta #4: [1, 14, 19, 20, 25, 24, 21, 22, 23, 26, 28, 17, 30]
Costo asociado: 335.644      Capacidad: 7750.0

--> Costo total: 888.0169999999999          Capacidad total: 29370.0

La solución anterior duró 0min 0seg    -------> Nuevo optimo local. Costo: 888.017       ==> Optimo: 835.0  Desvio: 6.3%
Lista tabu: [((5,2,61.221:37),1), ((32,31,13.928:1021),1), ((7,6,2.236:171),2), ((9,10,1.0:273),2), ((11,9,4.0:274),2), ((6,9,6.708:173),1), ((12,33,5.385:395),3), ((8,7,1.0:205),3), ((8,12,8.246:242),2), ((19,20,1.414:613),4), ((20,25,26.0:651),4), ((22,23,8.062:715),4), ((23,26,20.616:751),4), ((19,23,13.038:616),3), ((33,11,5.657:362),5), ((10,8,4.472:240),5), ((9,10,1.0:273),5), ((10,33,5.0:329),4), ((18,16,8.062:512),6), ((26,28,16.279:852),6), ((18,28,21.095:588),5)]

+-+-+-+-+-+-+-+-+-+-+-+-+-+-+-+-+-+-+-+-+-+-+-+-+- Iteracion 160  +-+-+-+-+-+-+-+-+-+-+-+-+-+-+-+-+-+-+-+-+-+-+-+-+-


Ruta #1: [1, 3, 6, 7, 8, 9, 10, 11, 33, 5]
Costo asociado: 177.122      Capacidad: 7070.0

Ruta #2: [1, 4, 13, 12, 2, 32, 31]
Costo asociado: 164.83599999999998      Capacidad: 6950.0

Ruta #3: [1, 29, 27, 18, 16, 15]
Costo asociado: 210.189      Capacidad: 7600.0

Ruta #4: [1, 14, 19, 20, 25, 24, 21, 22, 23, 26, 28, 17, 30]
Costo asociado: 335.644      Capacidad: 7750.0

--> Costo total: 887.7909999999999          Capacidad total: 29370.0

La solución anterior duró 0min 0seg    -------> Nuevo optimo local. Costo: 887.791       ==> Optimo: 835.0  Desvio: 6.3%
Lista tabu: [((12,33,5.385:395),1), ((8,7,1.0:205),1), ((19,20,1.414:613),2), ((20,25,26.0:651),2), ((22,23,8.062:715),2), ((23,26,20.616:751),2), ((19,23,13.038:616),1), ((33,11,5.657:362),3), ((10,8,4.472:240),3), ((9,10,1.0:273),3), ((10,33,5.0:329),2), ((18,16,8.062:512),4), ((26,28,16.279:852),4), ((18,28,21.095:588),3), ((12,33,5.385:395),9), ((5,2,61.221:37),9), ((12,2,17.889:44),7), ((5,33,45.31:164),6), ((33,11,5.657:362),6), ((8,7,1.0:205),6), ((7,6,2.236:171),6), ((7,11,8.246:208),5)]

+-+-+-+-+-+-+-+-+-+-+-+-+-+-+-+-+-+-+-+-+-+-+-+-+- Iteracion 165  +-+-+-+-+-+-+-+-+-+-+-+-+-+-+-+-+-+-+-+-+-+-+-+-+-


Ruta #1: [1, 3, 6, 7, 8, 9, 10, 11, 33, 5]
Costo asociado: 177.122      Capacidad: 7070.0

Ruta #2: [1, 4, 13, 12, 14, 2, 32, 31]
Costo asociado: 165.753      Capacidad: 7200.0

Ruta #3: [1, 29, 27, 18, 16, 15]
Costo asociado: 210.189      Capacidad: 7600.0

Ruta #4: [1, 19, 20, 25, 24, 21, 22, 23, 26, 28, 17, 30]
Costo asociado: 334.72400000000005      Capacidad: 7500.0

--> Costo total: 887.788          Capacidad total: 29370.0

La solución anterior duró 0min 0seg    -------> Nuevo optimo local. Costo: 887.788       ==> Optimo: 835.0  Desvio: 6.3%
Lista tabu: [((12,33,5.385:395),4), ((5,2,61.221:37),4), ((12,2,17.889:44),2), ((5,33,45.31:164),1), ((33,11,5.657:362),1), ((8,7,1.0:205),1), ((7,6,2.236:171),1), ((11,9,4.0:274),6), ((10,8,4.472:240),6), ((9,8,4.123:239),4), ((3,6,12.53:71),3), ((9,10,1.0:273),3), ((8,9,4.123:239),3), ((3,9,18.439:74),2), ((4,13,22.361:111),4), ((2,32,10.63:64),4), ((13,32,22.472:427),3), ((16,15,4.243:477),5), ((15,1,74.007:14),5), ((2,32,10.63:64),5), ((32,31,13.928:1021),5), ((16,32,17.088:526),4), ((13,12,7.616:375),6), ((12,2,17.889:44),6), ((11,33,5.657:362),6), ((33,5,45.31:164),6), ((2,33,21.84:65),5)]

+-+-+-+-+-+-+-+-+-+-+-+-+-+-+-+-+-+-+-+-+-+-+-+-+- Iteracion 168  +-+-+-+-+-+-+-+-+-+-+-+-+-+-+-+-+-+-+-+-+-+-+-+-+-


Ruta #1: [1, 6, 7, 8, 9, 10, 11, 33, 5]
Costo asociado: 174.39100000000002      Capacidad: 6670.0

Ruta #2: [1, 4, 3, 13, 12, 14, 2, 32, 31]
Costo asociado: 166.103      Capacidad: 7600.0

Ruta #3: [1, 29, 27, 18, 16, 15]
Costo asociado: 210.189      Capacidad: 7600.0

Ruta #4: [1, 19, 20, 25, 24, 21, 22, 23, 26, 28, 17, 30]
Costo asociado: 334.72400000000005      Capacidad: 7500.0

--> Costo total: 885.407          Capacidad total: 29370.0

La solución anterior duró 0min 0seg    -------> Nuevo optimo local. Costo: 885.407       ==> Optimo: 835.0  Desvio: 6.0%
Lista tabu: [((12,33,5.385:395),1), ((5,2,61.221:37),1), ((11,9,4.0:274),3), ((10,8,4.472:240),3), ((9,8,4.123:239),1), ((4,13,22.361:111),1), ((2,32,10.63:64),1), ((16,15,4.243:477),2), ((15,1,74.007:14),2), ((2,32,10.63:64),2), ((32,31,13.928:1021),2), ((16,32,17.088:526),1), ((13,12,7.616:375),3), ((12,2,17.889:44),3), ((11,33,5.657:362),3), ((33,5,45.31:164),3), ((2,33,21.84:65),2), ((1,14,69.051:13),8), ((14,19,22.825:447),8), ((12,2,17.889:44),8), ((12,14,12.806:376),6), ((8,9,4.123:239),5), ((10,11,4.123:307),5), ((8,10,4.472:240),4), ((3,6,12.53:71),6), ((6,7,2.236:171),6), ((11,33,5.657:362),6), ((33,5,45.31:164),6), ((6,11,10.44:175),5)]

+-+-+-+-+-+-+-+-+-+-+-+-+-+-+-+-+-+-+-+-+-+-+-+-+- Iteracion 171  +-+-+-+-+-+-+-+-+-+-+-+-+-+-+-+-+-+-+-+-+-+-+-+-+-


Ruta #1: [1, 5, 7, 8, 9, 10, 11, 33, 6]
Costo asociado: 173.781      Capacidad: 6670.0

Ruta #2: [1, 4, 3, 13, 12, 14, 2, 32, 31]
Costo asociado: 166.103      Capacidad: 7600.0

Ruta #3: [1, 29, 27, 18, 16, 15]
Costo asociado: 210.189      Capacidad: 7600.0

Ruta #4: [1, 19, 20, 25, 24, 21, 22, 23, 26, 28, 17, 30]
Costo asociado: 334.72400000000005      Capacidad: 7500.0

--> Costo total: 884.797          Capacidad total: 29370.0

La solución anterior duró 0min 0seg    -------> Nuevo optimo local. Costo: 884.797       ==> Optimo: 835.0  Desvio: 6.0%
Lista tabu: [((1,14,69.051:13),5), ((14,19,22.825:447),5), ((12,2,17.889:44),5), ((12,14,12.806:376),3), ((8,9,4.123:239),2), ((10,11,4.123:307),2), ((8,10,4.472:240),1), ((3,6,12.53:71),3), ((6,7,2.236:171),3), ((11,33,5.657:362),3), ((33,5,45.31:164),3), ((6,11,10.44:175),2), ((1,3,52.811:2),8), ((3,6,12.53:71),8), ((4,13,22.361:111),8), ((4,3,19.105:69),6), ((4,3,19.105:69),5), ((3,13,3.606:78),5), ((8,9,4.123:239),5), ((3,9,18.439:74),4), ((27,18,14.56:587),6), ((15,1,74.007:14),6), ((16,15,4.243:477),6), ((15,27,18.028:488),5)]

+-+-+-+-+-+-+-+-+-+-+-+-+-+-+-+-+-+-+-+-+-+-+-+-+- Iteracion 190  +-+-+-+-+-+-+-+-+-+-+-+-+-+-+-+-+-+-+-+-+-+-+-+-+-


Ruta #1: [1, 6, 33, 11, 10, 9, 7, 8, 5]
Costo asociado: 173.774      Capacidad: 6670.0

Ruta #2: [1, 4, 3, 13, 12, 14, 2, 32, 31]
Costo asociado: 166.103      Capacidad: 7600.0

Ruta #3: [1, 29, 27, 18, 16, 15]
Costo asociado: 210.189      Capacidad: 7600.0

Ruta #4: [1, 19, 20, 25, 24, 21, 22, 23, 26, 28, 17, 30]
Costo asociado: 334.72400000000005      Capacidad: 7500.0

--> Costo total: 884.7900000000001          Capacidad total: 29370.0

La solución anterior duró 0min 0seg    -------> Nuevo optimo local. Costo: 884.79       ==> Optimo: 835.0  Desvio: 6.0%
Lista tabu: [((4,3,19.105:69),1), ((3,13,3.606:78),1), ((8,9,4.123:239),1), ((3,13,3.606:78),2), ((13,12,7.616:375),2), ((10,11,4.123:307),2), ((13,10,15.811:309),1), ((19,20,1.414:613),3), ((20,25,26.0:651),3), ((22,23,8.062:715),3), ((23,26,20.616:751),3), ((20,26,19.416:652),2), ((3,13,3.606:78),4), ((5,7,40.853:138),4), ((3,7,14.422:72),3), ((4,3,19.105:69),5), ((3,13,3.606:78),5), ((11,33,5.657:362),5), ((3,11,21.26:76),4), ((9,10,1.0:273),6), ((10,11,4.123:307),6), ((13,12,7.616:375),6), ((12,14,12.806:376),6), ((10,14,20.881:310),5)]

+-+-+-+-+-+-+-+-+-+-+-+-+-+-+-+-+-+-+-+-+-+-+-+-+- Iteracion 196  +-+-+-+-+-+-+-+-+-+-+-+-+-+-+-+-+-+-+-+-+-+-+-+-+-


Ruta #1: [1, 6, 33, 11, 10, 9, 7, 8, 5]
Costo asociado: 173.774      Capacidad: 6670.0

Ruta #2: [1, 4, 3, 13, 12, 14, 2, 32, 31]
Costo asociado: 166.103      Capacidad: 7600.0

Ruta #3: [1, 30, 27, 18, 16, 15]
Costo asociado: 207.191      Capacidad: 7100.0

Ruta #4: [1, 19, 20, 25, 24, 21, 22, 23, 26, 28, 17, 29]
Costo asociado: 334.911      Capacidad: 8000.0

--> Costo total: 881.979          Capacidad total: 29370.0

La solución anterior duró 0min 0seg    -------> Nuevo optimo local. Costo: 881.979       ==> Optimo: 835.0  Desvio: 5.6000000000000005%
Lista tabu: [((5,7,40.853:138),5), ((8,9,4.123:239),5), ((9,7,4.472:206),3), ((4,3,19.105:69),2), ((13,12,7.616:375),2), ((13,4,22.361:111),1), ((3,13,3.606:78),3), ((12,14,12.806:376),3), ((13,14,16.553:409),2), ((24,21,15.264:683),4), ((22,23,8.062:715),4), ((22,24,21.541:716),3), ((11,10,4.123:307),5), ((9,7,4.472:206),5), ((9,11,4.0:274),4), ((3,13,3.606:78),6), ((13,12,7.616:375),6), ((11,10,4.123:307),6), ((13,10,15.811:309),5)]

+-+-+-+-+-+-+-+-+-+-+-+-+-+-+-+-+-+-+-+-+-+-+-+-+- Iteracion 257  +-+-+-+-+-+-+-+-+-+-+-+-+-+-+-+-+-+-+-+-+-+-+-+-+-


Ruta #1: [1, 6, 7, 33, 11, 10, 9, 8, 5]
Costo asociado: 173.05      Capacidad: 6670.0

Ruta #2: [1, 4, 3, 13, 12, 14, 2, 32, 31]
Costo asociado: 166.103      Capacidad: 7600.0

Ruta #3: [1, 30, 27, 18, 16, 15]
Costo asociado: 207.191      Capacidad: 7100.0

Ruta #4: [1, 19, 20, 25, 24, 21, 22, 23, 26, 28, 17, 29]
Costo asociado: 334.911      Capacidad: 8000.0

--> Costo total: 881.2550000000001          Capacidad total: 29370.0

La solución anterior duró 0min 0seg    -------> Nuevo optimo local. Costo: 881.255       ==> Optimo: 835.0  Desvio: 5.5%
Lista tabu: [((3,13,3.606:78),1), ((33,11,5.657:362),1), ((27,18,14.56:587),2), ((18,16,8.062:512),2), ((23,26,20.616:751),2), ((26,28,16.279:852),2), ((18,23,23.345:583),1), ((3,13,3.606:78),3), ((13,12,7.616:375),3), ((9,7,4.472:206),3), ((9,13,15.0:276),2), ((20,25,26.0:651),4), ((22,23,8.062:715),4), ((21,22,7.0:681),4), ((22,25,23.345:717),3), ((9,7,4.472:206),5), ((8,5,40.497:139),5), ((8,9,4.123:239),4), ((3,13,3.606:78),6), ((12,14,12.806:376),6), ((13,14,16.553:409),5)]

+-+-+-+-+-+-+-+-+-+-+-+-+-+-+-+-+-+-+-+-+-+-+-+-+- Iteracion 267  +-+-+-+-+-+-+-+-+-+-+-+-+-+-+-+-+-+-+-+-+-+-+-+-+-


Ruta #1: [1, 6, 7, 33, 11, 10, 9, 8, 5]
Costo asociado: 173.05      Capacidad: 6670.0

Ruta #2: [1, 4, 3, 13, 12, 14, 2, 32, 31]
Costo asociado: 166.103      Capacidad: 7600.0

Ruta #3: [1, 30, 27, 18, 16, 15]
Costo asociado: 207.191      Capacidad: 7100.0

Ruta #4: [1, 19, 20, 22, 21, 24, 25, 23, 26, 28, 17, 29]
Costo asociado: 327.099      Capacidad: 8000.0

--> Costo total: 873.443          Capacidad total: 29370.0

La solución anterior duró 0min 0seg    -------> Nuevo optimo local. Costo: 873.443       ==> Optimo: 835.0  Desvio: 4.6%
