+-+-+-+-+-+-+-+-+-+-+-+-+-+-+ GRAFO CARGADO +-+-+-+-+-+-+-+-+-+-+-+-+-+-+-
        1         2         3         4         5         6         7         8         9         10        11        12        13        14        15        16        17        18        19        20        21        22        23        24        25        26        27        28        29        30
1     0         62.61    56.143    42.154    54.708    64.031    55.57    58.0    39.395    45.222    33.377    36.674    37.855    46.011    40.706    37.014    43.105    48.765    9.487    15.811    18.974    23.195    26.173    11.18    63.514    64.031    46.872    68.768    60.166    58.898    
2     62.61    0         24.0    20.809    11.705    13.416    8.0    117.388    101.98    107.541    94.921    98.433    99.725    105.513    103.31    96.84    102.108    110.86    72.014    47.011    43.909    77.987    39.051    73.79    7.616    13.416    31.953    26.401    44.045    14.866    
3     56.143    24.0    0         20.809    13.601    13.416    25.298    114.07    94.149    100.623    89.454    92.655    93.771    102.044    94.831    93.048    99.005    104.393    65.376    43.29    38.053    64.885    30.017    66.611    31.145    36.497    46.098    49.244    62.129    35.735    
4     42.154    20.809    20.809    0         13.038    23.0    15.0    98.311    81.541    87.316    75.0    78.447    79.699    86.313    82.765    77.466    83.024    90.758    51.624    26.926    23.259    57.315    18.385    53.31    23.601    26.401    26.42    36.497    43.463    22.804    
5     54.708    11.705    13.601    13.038    0         10.05    11.705    111.306    93.984    99.93    87.801    91.214    92.445    99.298    95.079    90.427    96.026    103.446    64.195    39.812    35.735    68.007    29.53    65.788    18.028    23.087    34.059    35.693    49.204    22.136    
6     64.031    13.416    13.416    23.0    10.05    0         18.439    121.062    103.092    109.202    97.293    100.663    101.868    109.037    104.062    100.13    105.802    112.792    73.498    49.497    45.122    75.802    38.275    75.0    21.024    26.833    42.72    39.812    56.569    27.803    
7     55.57    8.0    25.298    15.0    11.705    18.439    0         109.636    94.826    100.225    87.464    91.0    92.309    97.801    96.255    89.185    94.372    103.47    64.885    39.825    37.202    72.125    33.302    66.731    8.602    12.166    24.597    24.187    38.21    10.44    
8     58.0    117.388    114.07    98.311    111.306    121.062    109.636    0         27.203    20.518    25.495    23.087    22.472    12.042    29.069    21.024    15.297    17.029    49.092    71.568    76.236    59.615    84.054    48.26    116.387    115.169    92.612    115.382    97.652    109.786    
9     39.395    101.98    94.149    81.541    93.984    103.092    94.826    27.203    0         7.28    11.402    9.0    8.062    19.723    3.0    17.029    20.248    11.402    29.967    55.009    58.31    33.734    64.846    28.231    102.577    102.626    82.879    105.759    92.455    97.35    
10    45.222    107.541    100.623    87.316    99.93    109.202    100.225    20.518    7.28    0         13.454    9.899    8.485    15.297    8.602    16.155    17.0    4.123    35.735    60.539    64.195    41.0    71.063    34.205    107.782    107.541    87.006    110.0    95.525    102.215    
11    33.377    94.921    89.454    75.0    87.801    97.293    87.464    25.495    11.402    13.454    0         3.606    5.0    14.318    14.318    7.211    12.806    16.125    24.083    48.083    52.173    34.986    59.54    23.0    94.847    94.414    73.6    96.607    82.134    89.067    
12    36.674    98.433    92.655    78.447    91.214    100.663    91.0    23.087    9.0    9.899    3.606    0         1.414    12.806    12.0    8.062    12.207    12.53    27.295    51.546    55.543    36.674    62.801    26.077    98.412    98.005    77.201    100.21    85.633    92.661    
13    37.855    99.725    93.771    79.699    92.445    101.868    92.309    22.472    8.062    8.485    5.0    1.414    0         12.728    11.045    9.0    12.53    11.18    28.443    52.811    56.754    37.162    63.953    27.166    99.745    99.363    78.6    101.607    87.046    94.021    
14    46.011    105.513    102.044    86.313    99.298    109.037    97.801    12.042    19.723    15.297    14.318    12.806    12.728    0         22.361    9.0    3.606    14.036    37.216    59.54    64.195    49.244    72.028    36.497    104.676    103.619    81.413    104.317    87.459    98.234    
15    40.706    103.31    94.831    82.765    95.079    104.062    96.255    29.069    3.0    8.602    14.318    12.0    11.045    22.361    0         20.025    23.087    12.53    31.385    56.436    59.506    33.242    65.788    29.53    104.101    104.293    84.9    107.713    94.81    99.045    
16    37.014    96.84    93.048    77.466    90.427    100.13    89.185    21.024    17.029    16.155    7.211    8.062    9.0    9.0    20.025    0         6.325    17.205    28.284    50.636    55.227    41.617    63.032    27.659    96.208    95.341    73.573    96.566    80.66    89.961    
17    43.105    102.108    99.005    83.024    96.026    105.802    94.372    15.297    20.248    17.0    12.806    12.207    12.53    3.606    23.087    6.325    0         16.492    34.525    56.321    61.074    47.707    69.0    33.956    101.193    100.09    77.827    100.722    83.869    94.705    
18    48.765    110.86    104.393    90.758    103.446    112.792    103.47    17.029    11.402    4.123    16.125    12.53    11.18    14.036    12.53    17.205    16.492    0         39.294    63.906    67.72    45.122    74.733    37.855    110.923    110.535    89.627    112.645    97.581    105.19    
19    9.487    72.014    65.376    51.624    64.195    73.498    64.885    49.092    29.967    35.735    24.083    27.295    28.443    37.216    31.385    28.284    34.525    39.294    0         25.06    28.46    20.881    35.511    2.236    72.719    73.007    54.672    77.078    66.648    67.801    
20    15.811    47.011    43.29    26.926    39.812    49.497    39.825    71.568    55.009    60.539    48.083    51.546    52.811    59.54    56.436    50.636    56.321    63.906    25.06    0         5.831    35.777    14.318    26.926    47.707    48.27    32.696    53.6    47.854    43.186    
21    18.974    43.909    38.053    23.259    35.735    45.122    37.202    76.236    58.31    64.195    52.173    55.543    56.754    64.195    59.506    55.227    61.074    67.72    28.46    5.831    0         35.805    8.544    30.083    45.453    46.69    33.956    53.339    50.16    41.869    
22    23.195    77.987    64.885    57.315    68.007    75.802    72.125    59.615    33.734    41.0    34.986    36.674    37.162    49.244    33.242    41.617    47.707    45.122    20.881    35.777    35.805    0         38.949    19.313    80.623    82.329    68.447    89.045    82.861    77.621    
23    26.173    39.051    30.017    18.385    29.53    38.275    33.302    84.054    64.846    71.063    59.54    62.801    63.953    72.028    65.788    63.032    69.0    74.733    35.511    14.318    8.544    38.949    0         36.878    41.869    44.102    36.0    52.555    53.151    39.825    
24    11.18    73.79    66.611    53.31    65.788    75.0    66.731    48.26    28.231    34.205    23.0    26.077    27.166    36.497    29.53    27.659    33.956    37.855    2.236    26.926    30.083    19.313    36.878    0         74.626    75.0    56.851    79.209    68.884    69.814    
25    63.514    7.616    31.145    23.601    18.028    21.024    8.602    116.387    102.577    107.782    94.847    98.412    99.745    104.676    104.101    96.208    101.193    110.923    72.719    47.707    45.453    80.623    41.869    74.626    0         5.831    27.295    18.788    37.443    8.544    
26    64.031    13.416    36.497    26.401    23.087    26.833    12.166    115.169    102.626    107.541    94.414    98.005    99.363    103.619    104.293    95.341    100.09    110.535    73.007    48.27    46.69    82.329    44.102    75.0    5.831    0         24.021    13.0    32.249    5.385    
27    46.872    31.953    46.098    26.42    34.059    42.72    24.597    92.612    82.879    87.006    73.6    77.201    78.6    81.413    84.9    73.573    77.827    89.627    54.672    32.696    33.956    68.447    36.0    56.851    27.295    24.021    0         23.022    17.464    19.026    
28    68.768    26.401    49.244    36.497    35.693    39.812    24.187    115.382    105.759    110.0    96.607    100.21    101.607    104.317    107.713    96.566    100.722    112.645    77.078    53.6    53.339    89.045    52.555    79.209    18.788    13.0    23.022    0         23.345    14.0    
29    60.166    44.045    62.129    43.463    49.204    56.569    38.21    97.652    92.455    95.525    82.134    85.633    87.046    87.459    94.81    80.66    83.869    97.581    66.648    47.854    50.16    82.861    53.151    68.884    37.443    32.249    17.464    23.345    0         29.206    
30    58.898    14.866    35.735    22.804    22.136    27.803    10.44    109.786    97.35    102.215    89.067    92.661    94.021    98.234    99.045    89.961    94.705    105.19    67.801    43.186    41.869    77.621    39.825    69.814    8.544    5.385    19.026    14.0    29.206    0         


Demandas:
1: 0.0
2: 300.0
3: 3100.0
4: 125.0
5: 100.0
6: 200.0
7: 150.0
8: 150.0
9: 450.0
10: 300.0
11: 100.0
12: 950.0
13: 125.0
14: 150.0
15: 150.0
16: 550.0
17: 150.0
18: 100.0
19: 150.0
20: 400.0
21: 300.0
22: 1500.0
23: 100.0
24: 300.0
25: 500.0
26: 800.0
27: 300.0
28: 100.0
29: 150.0
30: 1000.0
+-+-+-+-+-+-+-+-+-+-+-+-+-+-+-+ SOLUCION INICIAL +-+-+-+-+-+-+-+-+-+-+-+-+-+-+-+-

Ruta #1: [1, 19, 24, 22, 15, 9, 10, 18, 13, 12, 11, 17]
Costo asociado: 150.79199999999997      Capacidad: 4275.0

Ruta #2: [1, 20, 21, 23, 4, 5, 6, 2, 25, 26, 30, 7, 28, 27]
Costo asociado: 208.428      Capacidad: 4375.0

Ruta #3: [1, 16, 14, 8, 29, 3]
Costo asociado: 273.98      Capacidad: 4100.0

--> Costo total: 633.2          Capacidad total: 12750.0

+-+-+-+-+-+-+-+-+-+-+-+-+-+-+-+-+-+-+-+-+-+-+-+-+- Iteracion 2  +-+-+-+-+-+-+-+-+-+-+-+-+-+-+-+-+-+-+-+-+-+-+-+-+-


Ruta #1: [1, 19, 24, 22, 15, 9, 10, 18, 13, 12, 11, 17]
Costo asociado: 150.79199999999997      Capacidad: 4275.0

Ruta #2: [1, 27, 28, 25, 26, 30, 7, 2, 6, 5, 4, 23, 21, 20]
Costo asociado: 203.41300000000004      Capacidad: 4375.0

Ruta #3: [1, 16, 14, 8, 29, 3]
Costo asociado: 273.98      Capacidad: 4100.0

--> Costo total: 628.1850000000001          Capacidad total: 12750.0

La solución anterior duró 0min 0seg    -------> Nuevo optimo local. Costo: 628.185       ==> Optimo: 534.0  Desvio: 17.599999999999998%
Lista tabu: [((22,15,33.242:441),6), ((11,17,12.806:316),6), ((12,11,3.606:311),6), ((11,15,14.318:314),5)]

+-+-+-+-+-+-+-+-+-+-+-+-+-+-+-+-+-+-+-+-+-+-+-+-+- Iteracion 3  +-+-+-+-+-+-+-+-+-+-+-+-+-+-+-+-+-+-+-+-+-+-+-+-+-


Ruta #1: [1, 19, 24, 22, 15, 9, 10, 18, 13, 12, 11, 17]
Costo asociado: 150.79199999999997      Capacidad: 4275.0

Ruta #2: [1, 27, 28, 30, 26, 25, 7, 2, 6, 5, 4, 23, 21, 20]
Costo asociado: 196.78700000000003      Capacidad: 4375.0

Ruta #3: [1, 16, 14, 8, 29, 3]
Costo asociado: 273.98      Capacidad: 4100.0

--> Costo total: 621.559          Capacidad total: 12750.0

La solución anterior duró 0min 0seg    -------> Nuevo optimo local. Costo: 621.559       ==> Optimo: 534.0  Desvio: 16.400000000000002%
Lista tabu: [((22,15,33.242:441),5), ((11,17,12.806:316),5), ((12,11,3.606:311),5), ((11,15,14.318:314),4), ((2,25,7.616:54),10), ((7,28,24.187:207),10), ((28,25,18.788:747),8)]

+-+-+-+-+-+-+-+-+-+-+-+-+-+-+-+-+-+-+-+-+-+-+-+-+- Iteracion 6  +-+-+-+-+-+-+-+-+-+-+-+-+-+-+-+-+-+-+-+-+-+-+-+-+-


Ruta #1: [1, 19, 24, 22, 15, 9, 10, 18, 17, 13, 12, 11]
Costo asociado: 146.1      Capacidad: 4275.0

Ruta #2: [1, 27, 28, 30, 26, 25, 7, 2, 6, 5, 4, 23, 21, 20]
Costo asociado: 196.78700000000003      Capacidad: 4375.0

Ruta #3: [1, 16, 14, 8, 29, 3]
Costo asociado: 273.98      Capacidad: 4100.0

--> Costo total: 616.8670000000001          Capacidad total: 12750.0

La solución anterior duró 0min 0seg    -------> Nuevo optimo local. Costo: 616.867       ==> Optimo: 534.0  Desvio: 15.5%
Lista tabu: [((22,15,33.242:441),2), ((11,17,12.806:316),2), ((12,11,3.606:311),2), ((11,15,14.318:314),1), ((2,25,7.616:54),7), ((7,28,24.187:207),7), ((28,25,18.788:747),5), ((28,25,18.788:747),8), ((30,7,10.44:209),8), ((28,30,14.0:839),6), ((14,8,12.042:223),5), ((8,29,97.652:238),5), ((18,13,11.18:377),5), ((8,18,17.029:227),4), ((18,13,11.18:377),6), ((13,12,1.414:342),6), ((1,16,37.014:15),6), ((13,16,9.0:375),5)]

+-+-+-+-+-+-+-+-+-+-+-+-+-+-+-+-+-+-+-+-+-+-+-+-+- Iteracion 8  +-+-+-+-+-+-+-+-+-+-+-+-+-+-+-+-+-+-+-+-+-+-+-+-+-


Ruta #1: [1, 19, 24, 22, 15, 9, 10, 18, 17, 13, 12, 11]
Costo asociado: 146.1      Capacidad: 4275.0

Ruta #2: [1, 21, 23, 4, 5, 6, 2, 7, 25, 26, 30, 28, 27, 20]
Costo asociado: 195.75400000000002      Capacidad: 4375.0

Ruta #3: [1, 16, 14, 8, 29, 3]
Costo asociado: 273.98      Capacidad: 4100.0

--> Costo total: 615.8340000000001          Capacidad total: 12750.0

La solución anterior duró 0min 0seg    -------> Nuevo optimo local. Costo: 615.834       ==> Optimo: 534.0  Desvio: 15.299999999999999%
Lista tabu: [((2,25,7.616:54),5), ((7,28,24.187:207),5), ((28,25,18.788:747),3), ((28,25,18.788:747),6), ((30,7,10.44:209),6), ((28,30,14.0:839),4), ((14,8,12.042:223),3), ((8,29,97.652:238),3), ((18,13,11.18:377),3), ((8,18,17.029:227),2), ((18,13,11.18:377),4), ((13,12,1.414:342),4), ((1,16,37.014:15),4), ((13,16,9.0:375),3), ((18,13,11.18:377),9), ((17,1,43.105:16),9), ((11,17,12.806:316),9), ((13,17,12.53:376),7), ((22,15,33.242:441),6), ((17,13,12.53:376),6), ((13,15,11.045:374),5)]

+-+-+-+-+-+-+-+-+-+-+-+-+-+-+-+-+-+-+-+-+-+-+-+-+- Iteracion 15  +-+-+-+-+-+-+-+-+-+-+-+-+-+-+-+-+-+-+-+-+-+-+-+-+-


Ruta #1: [1, 19, 24, 22, 15, 9, 10, 18, 17, 13, 12, 11]
Costo asociado: 146.1      Capacidad: 4275.0

Ruta #2: [1, 21, 23, 4, 5, 6, 2, 7, 25, 26, 30, 28, 27, 29]
Costo asociado: 224.877      Capacidad: 4125.0

Ruta #3: [1, 16, 14, 8, 20, 3]
Costo asociado: 229.057      Capacidad: 4350.0

--> Costo total: 600.034          Capacidad total: 12750.0

La solución anterior duró 0min 0seg    -------> Nuevo optimo local. Costo: 600.034       ==> Optimo: 534.0  Desvio: 12.4%
Lista tabu: [((18,13,11.18:377),2), ((17,1,43.105:16),2), ((11,17,12.806:316),2), ((1,27,46.872:26),4), ((21,20,5.831:590),4), ((1,21,18.974:20),2), ((12,11,3.606:311),1), ((17,13,12.53:376),1), ((18,17,16.492:497),1), ((2,7,8.0:36),2), ((26,30,5.385:779),2), ((2,26,13.416:55),1), ((6,2,13.416:35),3), ((7,25,8.602:204),3), ((6,7,18.439:156),2), ((6,2,13.416:35),4), ((7,25,8.602:204),4), ((2,25,7.616:54),3), ((9,10,7.28:249),5), ((13,12,1.414:342),5), ((17,13,12.53:376),5), ((10,13,8.485:282),4), ((22,15,33.242:441),6), ((9,10,7.28:249),6), ((10,15,8.602:284),5)]

+-+-+-+-+-+-+-+-+-+-+-+-+-+-+-+-+-+-+-+-+-+-+-+-+- Iteracion 18  +-+-+-+-+-+-+-+-+-+-+-+-+-+-+-+-+-+-+-+-+-+-+-+-+-


Ruta #1: [1, 19, 24, 22, 15, 9, 10, 18, 14, 13, 12, 11]
Costo asociado: 143.84199999999998      Capacidad: 4275.0

Ruta #2: [1, 21, 23, 4, 5, 6, 2, 7, 25, 26, 30, 28, 27, 29]
Costo asociado: 224.877      Capacidad: 4125.0

Ruta #3: [1, 16, 17, 8, 20, 3]
Costo asociado: 229.637      Capacidad: 4350.0

--> Costo total: 598.356          Capacidad total: 12750.0

La solución anterior duró 0min 0seg    -------> Nuevo optimo local. Costo: 598.356       ==> Optimo: 534.0  Desvio: 12.1%
Lista tabu: [((1,27,46.872:26),1), ((21,20,5.831:590),1), ((6,2,13.416:35),1), ((7,25,8.602:204),1), ((9,10,7.28:249),2), ((13,12,1.414:342),2), ((17,13,12.53:376),2), ((10,13,8.485:282),1), ((22,15,33.242:441),3), ((9,10,7.28:249),3), ((10,15,8.602:284),2), ((27,20,32.696:596),8), ((20,1,15.811:19),8), ((8,29,97.652:238),8), ((29,3,62.129:88),8), ((27,29,17.464:808),6), ((22,15,33.242:441),5), ((13,12,1.414:342),5), ((12,15,12.0:344),4), ((25,26,5.831:745),6), ((30,28,14.0:839),6), ((25,30,8.544:749),5)]

+-+-+-+-+-+-+-+-+-+-+-+-+-+-+-+-+-+-+-+-+-+-+-+-+- Iteracion 22  +-+-+-+-+-+-+-+-+-+-+-+-+-+-+-+-+-+-+-+-+-+-+-+-+-


Ruta #1: [1, 19, 24, 22, 15, 9, 10, 18, 13, 12, 11]
Costo asociado: 128.25799999999998      Capacidad: 4125.0

Ruta #2: [1, 21, 23, 4, 5, 6, 2, 7, 25, 26, 30, 28, 27, 29]
Costo asociado: 224.877      Capacidad: 4125.0

Ruta #3: [1, 16, 17, 8, 14, 20, 3]
Costo asociado: 229.651      Capacidad: 4500.0

--> Costo total: 582.7860000000001          Capacidad total: 12750.0

La solución anterior duró 0min 0seg    -------> Nuevo optimo local. Costo: 582.786       ==> Optimo: 534.0  Desvio: 9.1%
Lista tabu: [((27,20,32.696:596),4), ((20,1,15.811:19),4), ((8,29,97.652:238),4), ((29,3,62.129:88),4), ((27,29,17.464:808),2), ((22,15,33.242:441),1), ((13,12,1.414:342),1), ((25,26,5.831:745),2), ((30,28,14.0:839),2), ((25,30,8.544:749),1), ((16,14,9.0:405),7), ((14,8,12.042:223),7), ((18,17,16.492:497),7), ((17,13,12.53:376),7), ((14,18,14.036:407),5), ((16,17,6.325:466),4), ((17,8,15.297:226),4), ((18,14,14.036:407),4), ((14,13,12.728:373),4), ((17,18,16.492:497),3), ((8,20,71.568:229),5), ((20,3,43.29:79),5), ((21,23,8.544:622),5), ((23,4,18.385:112),5), ((20,21,5.831:590),4), ((2,7,8.0:36),6), ((30,28,14.0:839),6), ((26,30,5.385:779),6), ((2,30,14.866:59),5)]

+-+-+-+-+-+-+-+-+-+-+-+-+-+-+-+-+-+-+-+-+-+-+-+-+- Iteracion 37  +-+-+-+-+-+-+-+-+-+-+-+-+-+-+-+-+-+-+-+-+-+-+-+-+-


Ruta #1: [1, 19, 24, 22, 15, 9, 10, 18, 13, 12, 11]
Costo asociado: 128.25799999999998      Capacidad: 4125.0

Ruta #2: [1, 21, 23, 4, 5, 6, 2, 7, 25, 26, 30, 28, 27, 29]
Costo asociado: 224.877      Capacidad: 4125.0

Ruta #3: [1, 16, 14, 8, 17, 20, 3]
Costo asociado: 229.107      Capacidad: 4500.0

--> Costo total: 582.242          Capacidad total: 12750.0

La solución anterior duró 0min 0seg    -------> Nuevo optimo local. Costo: 582.242       ==> Optimo: 534.0  Desvio: 9.0%
Lista tabu: [((15,9,3.0:254),1), ((18,13,11.18:0),1), ((2,7,8.0:36),2), ((26,30,5.385:779),2), ((26,2,13.416:55),1), ((2,7,8.0:36),3), ((26,30,5.385:779),3), ((26,2,13.416:55),2), ((2,7,8.0:36),4), ((30,28,14.0:839),4), ((26,30,5.385:779),4), ((2,30,14.866:59),3), ((9,10,7.28:249),5), ((12,11,3.606:311),5), ((10,11,13.454:280),4), ((22,15,33.242:441),6), ((13,12,1.414:342),6), ((15,12,12.0:344),5)]

Ruta #1: [1, 19, 24, 22, 15, 9, 10, 18, 13, 12, 11]
Costo asociado: 128.25799999999998      Capacidad: 4125.0

Ruta #2: [1, 21, 23, 4, 5, 6, 2, 7, 25, 26, 30, 28, 27, 29]
Costo asociado: 224.877      Capacidad: 4125.0

Ruta #3: [1, 16, 17, 8, 14, 20, 3]
Costo asociado: 229.651      Capacidad: 4500.0

--> Costo total: 582.7860000000001          Capacidad total: 12750.0

+-+-+-+-+-+-+-+-+-+-+-+-+-+-+-+-+-+-+-+-+-+-+-+-+- Iteracion 539  +-+-+-+-+-+-+-+-+-+-+-+-+-+-+-+-+-+-+-+-+-+-+-+-+-


Ruta #1: [1, 19, 24, 22, 15, 9, 10, 18, 13, 12, 11]
Costo asociado: 128.25799999999998      Capacidad: 4125.0

Ruta #2: [1, 21, 23, 4, 5, 6, 2, 7, 25, 26, 30, 28, 27, 29]
Costo asociado: 224.877      Capacidad: 4125.0

Ruta #3: [1, 16, 14, 8, 17, 20, 3]
Costo asociado: 229.107      Capacidad: 4500.0

--> Costo total: 582.242          Capacidad total: 12750.0

+-+-+-+-+-+-+-+-+-+-+-+-+-+-+-+-+-+-+-+-+-+-+-+-+- Iteracion 539  +-+-+-+-+-+-+-+-+-+-+-+-+-+-+-+-+-+-+-+-+-+-+-+-+-

Solucion peor. Costo: 582.242
Lista tabu: [((6,2,13.416:35),5), ((7,25,8.602:204),5), ((6,7,18.439:156),4), ((2,7,8.0:36),6), ((30,28,14.0:839),6), ((26,30,5.385:779),6), ((2,30,14.866:59),5)]

Ruta #1: [1, 19, 24, 22, 15, 9, 10, 18, 14, 13, 12, 11]
Costo asociado: 143.84199999999998      Capacidad: 4275.0

Ruta #2: [1, 21, 23, 4, 5, 6, 2, 7, 25, 26, 30, 28, 27, 29]
Costo asociado: 224.877      Capacidad: 4125.0

Ruta #3: [1, 16, 17, 8, 20, 3]
Costo asociado: 229.637      Capacidad: 4350.0

--> Costo total: 598.356          Capacidad total: 12750.0

+-+-+-+-+-+-+-+-+-+-+-+-+-+-+-+-+-+-+-+-+-+-+-+-+- Iteracion 849  +-+-+-+-+-+-+-+-+-+-+-+-+-+-+-+-+-+-+-+-+-+-+-+-+-


Ruta #1: [1, 19, 24, 22, 15, 9, 10, 18, 14, 13, 12, 11]
Costo asociado: 143.84199999999998      Capacidad: 4275.0

Ruta #2: [1, 21, 4, 5, 6, 2, 7, 25, 26, 30, 28, 27, 29]
Costo asociado: 221.207      Capacidad: 4025.0

Ruta #3: [1, 16, 17, 8, 20, 23, 3]
Costo asociado: 230.68200000000002      Capacidad: 4450.0

--> Costo total: 595.731          Capacidad total: 12750.0

+-+-+-+-+-+-+-+-+-+-+-+-+-+-+-+-+-+-+-+-+-+-+-+-+- Iteracion 849  +-+-+-+-+-+-+-+-+-+-+-+-+-+-+-+-+-+-+-+-+-+-+-+-+-

Solucion peor. Costo: 595.731
Lista tabu: [((4,5,13.038:94),1), ((7,25,8.602:204),1), ((2,7,8.0:36),1), ((8,20,71.568:229),2), ((20,3,43.29:79),2), ((5,6,10.05:125),2), ((6,2,13.416:35),2), ((3,6,13.416:65),1), ((18,14,14.036:407),3), ((13,12,1.414:342),3), ((13,18,11.18:377),2), ((4,5,13.038:94),4), ((6,2,13.416:35),4), ((2,5,11.705:34),3), ((2,7,8.0:36),5), ((26,30,5.385:779),5), ((26,2,13.416:55),4), ((9,10,7.28:249),6), ((12,11,3.606:311),6), ((9,12,9.0:251),5)]

+-+-+-+-+-+-+-+-+-+-+-+-+-+-+-+-+-+-+-+-+-+-+-+-+- Iteracion 861  +-+-+-+-+-+-+-+-+-+-+-+-+-+-+-+-+-+-+-+-+-+-+-+-+-


Ruta #1: [1, 19, 24, 22, 15, 9, 10, 18, 8, 14, 13, 12, 11]
Costo asociado: 158.87699999999998      Capacidad: 4425.0

Ruta #2: [1, 21, 4, 5, 6, 2, 7, 25, 26, 30, 28, 27, 29]
Costo asociado: 221.207      Capacidad: 4025.0

Ruta #3: [1, 16, 17, 20, 23, 3]
Costo asociado: 200.138      Capacidad: 4300.0

--> Costo total: 580.222          Capacidad total: 12750.0

La solución anterior duró 0min 2seg    -------> Nuevo optimo local. Costo: 580.222       ==> Optimo: 534.0  Desvio: 8.7%
Lista tabu: [((25,26,5.831:745),1), ((30,28,14.0:839),1), ((10,18,4.123:287),2), ((18,14,14.036:407),2), ((16,17,6.325:466),2), ((17,8,15.297:226),2), ((10,17,17.0:286),1), ((8,20,71.568:229),3), ((20,23,14.318:592),3), ((1,21,18.974:20),3), ((20,21,5.831:590),2), ((9,10,7.28:249),4), ((12,11,3.606:311),4), ((10,11,13.454:280),3), ((8,20,71.568:229),5), ((20,23,14.318:592),5), ((1,21,18.974:20),5), ((20,21,5.831:590),4), ((20,23,14.318:592),6), ((23,3,30.017:82),6), ((4,5,13.038:94),6), ((5,6,10.05:125),6), ((3,5,13.601:64),5)]

Ruta #1: [1, 19, 24, 22, 15, 9, 10, 18, 13, 12, 11]
Costo asociado: 128.25799999999998      Capacidad: 4125.0

Ruta #2: [1, 21, 23, 4, 5, 6, 2, 7, 25, 26, 30, 28, 27, 29]
Costo asociado: 224.877      Capacidad: 4125.0

Ruta #3: [1, 16, 14, 8, 17, 20, 3]
Costo asociado: 229.107      Capacidad: 4500.0

--> Costo total: 582.242          Capacidad total: 12750.0

Ruta #1: [1, 19, 24, 22, 15, 9, 10, 18, 13, 12, 11]
Costo asociado: 128.25799999999998      Capacidad: 4125.0

Ruta #2: [1, 21, 23, 4, 5, 6, 2, 7, 25, 26, 30, 28, 27, 29]
Costo asociado: 224.877      Capacidad: 4125.0

Ruta #3: [1, 16, 17, 8, 14, 20, 3]
Costo asociado: 229.651      Capacidad: 4500.0

--> Costo total: 582.7860000000001          Capacidad total: 12750.0

+-+-+-+-+-+-+-+-+-+-+-+-+-+-+-+-+-+-+-+-+-+-+-+-+- Iteracion 1553  +-+-+-+-+-+-+-+-+-+-+-+-+-+-+-+-+-+-+-+-+-+-+-+-+-


Ruta #1: [1, 19, 24, 22, 15, 9, 10, 18, 13, 12, 11]
Costo asociado: 128.25799999999998      Capacidad: 4125.0

Ruta #2: [1, 21, 23, 4, 5, 6, 2, 7, 25, 26, 30, 28, 27, 29]
Costo asociado: 224.877      Capacidad: 4125.0

Ruta #3: [1, 16, 14, 8, 17, 20, 3]
Costo asociado: 229.107      Capacidad: 4500.0

--> Costo total: 582.242          Capacidad total: 12750.0

+-+-+-+-+-+-+-+-+-+-+-+-+-+-+-+-+-+-+-+-+-+-+-+-+- Iteracion 1553  +-+-+-+-+-+-+-+-+-+-+-+-+-+-+-+-+-+-+-+-+-+-+-+-+-

Solucion peor. Costo: 582.242
Lista tabu: [((18,13,11.18:0),1), ((15,9,3.0:254),1), ((22,15,33.242:441),1), ((16,17,6.325:466),2), ((17,8,15.297:226),2), ((18,13,11.18:0),2), ((17,18,16.492:497),1), ((9,10,7.28:249),3), ((18,13,11.18:0),3), ((9,18,11.402:257),2), ((4,5,13.038:94),4), ((7,25,8.602:204),4), ((2,7,8.0:36),4), ((4,7,15.0:96),3), ((8,14,12.042:223),5), ((14,20,59.54:409),5), ((18,13,11.18:0),5), ((13,14,12.728:373),4), ((15,9,3.0:254),6), ((18,13,11.18:0),6), ((13,9,8.062:252),5)]

Ruta #1: [1, 19, 24, 22, 15, 9, 10, 18, 14, 13, 12, 11]
Costo asociado: 143.84199999999998      Capacidad: 4275.0

Ruta #2: [1, 21, 23, 4, 5, 6, 2, 7, 25, 26, 30, 28, 27, 29]
Costo asociado: 224.877      Capacidad: 4125.0

Ruta #3: [1, 16, 17, 8, 20, 3]
Costo asociado: 229.637      Capacidad: 4350.0

--> Costo total: 598.356          Capacidad total: 12750.0

+-+-+-+-+-+-+-+-+-+-+-+-+-+-+-+-+-+-+-+-+-+-+-+-+- Iteracion 1854  +-+-+-+-+-+-+-+-+-+-+-+-+-+-+-+-+-+-+-+-+-+-+-+-+-


Ruta #1: [1, 19, 24, 22, 15, 9, 10, 18, 14, 13, 12, 11]
Costo asociado: 143.84199999999998      Capacidad: 4275.0

Ruta #2: [1, 21, 4, 5, 6, 2, 7, 25, 26, 30, 28, 27, 29]
Costo asociado: 221.207      Capacidad: 4025.0

Ruta #3: [1, 16, 17, 8, 20, 23, 3]
Costo asociado: 230.68200000000002      Capacidad: 4450.0

--> Costo total: 595.731          Capacidad total: 12750.0

+-+-+-+-+-+-+-+-+-+-+-+-+-+-+-+-+-+-+-+-+-+-+-+-+- Iteracion 1854  +-+-+-+-+-+-+-+-+-+-+-+-+-+-+-+-+-+-+-+-+-+-+-+-+-

Solucion peor. Costo: 595.731
Lista tabu: [((8,17,15.297:226),6), ((17,20,56.321:499),6), ((18,13,11.18:0),6), ((17,18,16.492:497),5)]

+-+-+-+-+-+-+-+-+-+-+-+-+-+-+-+-+-+-+-+-+-+-+-+-+- Iteracion 1857  +-+-+-+-+-+-+-+-+-+-+-+-+-+-+-+-+-+-+-+-+-+-+-+-+-


Ruta #1: [1, 19, 24, 22, 15, 9, 10, 18, 8, 14, 13, 12, 11]
Costo asociado: 158.87699999999998      Capacidad: 4425.0

Ruta #2: [1, 21, 4, 5, 6, 2, 7, 25, 26, 30, 28, 27, 29]
Costo asociado: 221.207      Capacidad: 4025.0

Ruta #3: [1, 16, 17, 20, 23, 3]
Costo asociado: 200.138      Capacidad: 4300.0

--> Costo total: 580.222          Capacidad total: 12750.0

+-+-+-+-+-+-+-+-+-+-+-+-+-+-+-+-+-+-+-+-+-+-+-+-+- Iteracion 1857  +-+-+-+-+-+-+-+-+-+-+-+-+-+-+-+-+-+-+-+-+-+-+-+-+-

Solucion peor. Costo: 580.222
Lista tabu: [((8,17,15.297:226),3), ((17,20,56.321:499),3), ((18,13,11.18:0),3), ((17,18,16.492:497),2), ((21,23,8.544:622),8), ((23,4,18.385:112),8), ((20,3,43.29:79),8), ((20,23,14.318:592),6), ((18,14,14.036:407),5), ((13,12,1.414:342),5), ((13,18,11.18:377),4), ((9,10,7.28:249),6), ((18,14,14.036:407),6), ((9,18,11.402:257),5)]

Ruta #1: [1, 19, 24, 22, 15, 9, 10, 18, 17, 13, 12, 11]
Costo asociado: 146.1      Capacidad: 4275.0

Ruta #2: [1, 21, 23, 4, 5, 6, 2, 7, 25, 26, 30, 28, 27, 29]
Costo asociado: 224.877      Capacidad: 4125.0

Ruta #3: [1, 16, 14, 8, 20, 3]
Costo asociado: 229.057      Capacidad: 4350.0

--> Costo total: 600.034          Capacidad total: 12750.0

+-+-+-+-+-+-+-+-+-+-+-+-+-+-+-+-+-+-+-+-+-+-+-+-+- Iteracion 2160  +-+-+-+-+-+-+-+-+-+-+-+-+-+-+-+-+-+-+-+-+-+-+-+-+-


Ruta #1: [1, 19, 24, 22, 15, 9, 10, 18, 13, 12, 11]
Costo asociado: 128.25799999999998      Capacidad: 4125.0

Ruta #2: [1, 21, 23, 4, 5, 6, 2, 7, 25, 26, 30, 28, 27, 29]
Costo asociado: 224.877      Capacidad: 4125.0

Ruta #3: [1, 16, 17, 14, 8, 20, 3]
Costo asociado: 229.988      Capacidad: 4500.0

--> Costo total: 583.123          Capacidad total: 12750.0

+-+-+-+-+-+-+-+-+-+-+-+-+-+-+-+-+-+-+-+-+-+-+-+-+- Iteracion 2160  +-+-+-+-+-+-+-+-+-+-+-+-+-+-+-+-+-+-+-+-+-+-+-+-+-

Solucion peor. Costo: 583.123
Lista tabu: [((12,11,3.606:311),4), ((11,1,33.377:10),4), ((1,16,37.014:15),4), ((11,16,7.211:315),3), ((12,11,3.606:311),5), ((11,1,33.377:10),5), ((1,16,37.014:15),5), ((11,16,7.211:315),4), ((12,11,3.606:311),6), ((11,1,33.377:10),6), ((16,14,9.0:405),6), ((11,14,14.318:313),5)]

+-+-+-+-+-+-+-+-+-+-+-+-+-+-+-+-+-+-+-+-+-+-+-+-+- Iteracion 2166  +-+-+-+-+-+-+-+-+-+-+-+-+-+-+-+-+-+-+-+-+-+-+-+-+-


Ruta #1: [1, 19, 24, 22, 15, 9, 10, 18, 13, 12, 11]
Costo asociado: 128.25799999999998      Capacidad: 4125.0

Ruta #2: [1, 21, 23, 4, 5, 6, 2, 7, 25, 26, 30, 28, 27, 29]
Costo asociado: 224.877      Capacidad: 4125.0

Ruta #3: [1, 16, 17, 8, 14, 20, 3]
Costo asociado: 229.651      Capacidad: 4500.0

--> Costo total: 582.7860000000001          Capacidad total: 12750.0

+-+-+-+-+-+-+-+-+-+-+-+-+-+-+-+-+-+-+-+-+-+-+-+-+- Iteracion 2166  +-+-+-+-+-+-+-+-+-+-+-+-+-+-+-+-+-+-+-+-+-+-+-+-+-

Solucion peor. Costo: 582.786
Lista tabu: [((18,17,16.492:497),5), ((17,13,12.53:376),5), ((16,14,9.0:405),5), ((17,14,3.606:406),3), ((7,25,8.602:204),2), ((30,28,14.0:839),2), ((26,30,5.385:779),2), ((30,7,10.44:209),1), ((1,16,37.014:15),3), ((16,17,6.325:466),3), ((8,20,71.568:229),3), ((20,3,43.29:79),3), ((1,20,15.811:19),2), ((22,15,33.242:441),4), ((13,12,1.414:342),4), ((15,12,12.0:344),3), ((9,10,7.28:249),5), ((10,18,4.123:287),5), ((1,16,37.014:15),5), ((16,17,6.325:466),5), ((9,16,17.029:255),4), ((22,15,33.242:441),6), ((13,12,1.414:342),6), ((15,12,12.0:344),5)]

+-+-+-+-+-+-+-+-+-+-+-+-+-+-+-+-+-+-+-+-+-+-+-+-+- Iteracion 2222  +-+-+-+-+-+-+-+-+-+-+-+-+-+-+-+-+-+-+-+-+-+-+-+-+-


Ruta #1: [1, 19, 24, 22, 15, 9, 10, 18, 13, 12, 11]
Costo asociado: 128.25799999999998      Capacidad: 4125.0

Ruta #2: [1, 21, 23, 4, 5, 6, 2, 7, 25, 26, 30, 28, 27, 29]
Costo asociado: 224.877      Capacidad: 4125.0

Ruta #3: [1, 16, 14, 8, 17, 20, 3]
Costo asociado: 229.107      Capacidad: 4500.0

--> Costo total: 582.242          Capacidad total: 12750.0

+-+-+-+-+-+-+-+-+-+-+-+-+-+-+-+-+-+-+-+-+-+-+-+-+- Iteracion 2222  +-+-+-+-+-+-+-+-+-+-+-+-+-+-+-+-+-+-+-+-+-+-+-+-+-

Solucion peor. Costo: 582.242
Lista tabu: [((8,14,12.042:223),1), ((14,20,59.54:409),1), ((12,11,3.606:311),1), ((17,8,15.297:226),2), ((8,14,12.042:223),2), ((18,13,11.18:0),2), ((8,18,17.029:227),1), ((7,25,8.602:204),3), ((30,28,14.0:839),3), ((26,30,5.385:779),3), ((30,7,10.44:209),2), ((17,8,15.297:226),4), ((8,14,12.042:223),4), ((18,13,11.18:0),4), ((8,18,17.029:227),3), ((8,14,12.042:223),5), ((14,20,59.54:409),5), ((12,11,3.606:311),5), ((11,14,14.318:313),4), ((1,16,37.014:15),6), ((16,17,6.325:466),6), ((18,13,11.18:0),6), ((13,12,1.414:342),6), ((16,18,17.205:467),5)]

Ruta #1: [1, 19, 24, 22, 15, 9, 10, 18, 17, 13, 12, 11]
Costo asociado: 146.1      Capacidad: 4275.0

Ruta #2: [1, 21, 23, 4, 5, 6, 2, 7, 25, 26, 30, 28, 27, 20]
Costo asociado: 195.75400000000002      Capacidad: 4375.0

Ruta #3: [1, 16, 14, 8, 29, 3]
Costo asociado: 273.98      Capacidad: 4100.0

--> Costo total: 615.8340000000001          Capacidad total: 12750.0

+-+-+-+-+-+-+-+-+-+-+-+-+-+-+-+-+-+-+-+-+-+-+-+-+- Iteracion 2530  +-+-+-+-+-+-+-+-+-+-+-+-+-+-+-+-+-+-+-+-+-+-+-+-+-


Ruta #1: [1, 19, 24, 22, 15, 9, 10, 18, 13, 12, 11]
Costo asociado: 128.25799999999998      Capacidad: 4125.0

Ruta #2: [1, 21, 23, 4, 5, 6, 2, 7, 25, 26, 30, 28, 27, 20]
Costo asociado: 195.75400000000002      Capacidad: 4375.0

Ruta #3: [1, 16, 14, 8, 17, 29, 3]
Costo asociado: 275.494      Capacidad: 4250.0

--> Costo total: 599.5060000000001          Capacidad total: 12750.0

+-+-+-+-+-+-+-+-+-+-+-+-+-+-+-+-+-+-+-+-+-+-+-+-+- Iteracion 2530  +-+-+-+-+-+-+-+-+-+-+-+-+-+-+-+-+-+-+-+-+-+-+-+-+-

Solucion peor. Costo: 599.506
Lista tabu: [((18,17,16.492:497),1), ((12,11,3.606:311),1), ((1,21,18.974:20),2), ((27,20,32.696:596),2), ((20,21,5.831:590),1), ((1,21,18.974:20),3), ((27,20,32.696:596),3), ((21,20,5.831:590),2), ((9,10,7.28:249),4), ((13,12,1.414:342),4), ((12,10,9.899:281),3), ((18,17,16.492:497),5), ((13,12,1.414:342),5), ((13,18,11.18:377),4), ((17,13,12.53:376),6), ((12,11,3.606:311),6), ((12,17,12.207:346),5)]

+-+-+-+-+-+-+-+-+-+-+-+-+-+-+-+-+-+-+-+-+-+-+-+-+- Iteracion 2532  +-+-+-+-+-+-+-+-+-+-+-+-+-+-+-+-+-+-+-+-+-+-+-+-+-


Ruta #1: [1, 19, 24, 22, 15, 9, 10, 18, 13, 12, 11]
Costo asociado: 128.25799999999998      Capacidad: 4125.0

Ruta #2: [1, 21, 23, 4, 5, 6, 2, 7, 25, 26, 30, 28, 27, 29]
Costo asociado: 224.877      Capacidad: 4125.0

Ruta #3: [1, 16, 14, 8, 17, 20, 3]
Costo asociado: 229.107      Capacidad: 4500.0

--> Costo total: 582.242          Capacidad total: 12750.0

+-+-+-+-+-+-+-+-+-+-+-+-+-+-+-+-+-+-+-+-+-+-+-+-+- Iteracion 2532  +-+-+-+-+-+-+-+-+-+-+-+-+-+-+-+-+-+-+-+-+-+-+-+-+-

Solucion peor. Costo: 582.242
Lista tabu: [((1,21,18.974:20),1), ((27,20,32.696:596),1), ((9,10,7.28:249),2), ((13,12,1.414:342),2), ((12,10,9.899:281),1), ((18,17,16.492:497),3), ((13,12,1.414:342),3), ((13,18,11.18:377),2), ((17,13,12.53:376),4), ((12,11,3.606:311),4), ((12,17,12.207:346),3), ((18,17,16.492:497),9), ((17,13,12.53:376),9), ((8,29,97.652:238),9), ((8,17,15.297:226),7), ((2,7,8.0:36),6), ((26,30,5.385:779),6), ((26,2,13.416:55),5)]

Ruta #1: [1, 19, 24, 22, 15, 9, 10, 18, 17, 13, 12, 11]
Costo asociado: 146.1      Capacidad: 4275.0

Ruta #2: [1, 27, 28, 30, 26, 25, 7, 2, 6, 5, 4, 23, 21, 20]
Costo asociado: 196.78700000000003      Capacidad: 4375.0

Ruta #3: [1, 16, 14, 8, 29, 3]
Costo asociado: 273.98      Capacidad: 4100.0

--> Costo total: 616.8670000000001          Capacidad total: 12750.0

+-+-+-+-+-+-+-+-+-+-+-+-+-+-+-+-+-+-+-+-+-+-+-+-+- Iteracion 2840  +-+-+-+-+-+-+-+-+-+-+-+-+-+-+-+-+-+-+-+-+-+-+-+-+-


Ruta #1: [1, 19, 24, 22, 15, 9, 10, 18, 16, 13, 12, 11]
Costo asociado: 143.283      Capacidad: 4675.0

Ruta #2: [1, 27, 28, 30, 26, 25, 7, 2, 6, 5, 4, 23, 21, 20]
Costo asociado: 196.78700000000003      Capacidad: 4375.0

Ruta #3: [1, 17, 14, 8, 29, 3]
Costo asociado: 274.677      Capacidad: 3700.0

--> Costo total: 614.7470000000001          Capacidad total: 12750.0

+-+-+-+-+-+-+-+-+-+-+-+-+-+-+-+-+-+-+-+-+-+-+-+-+- Iteracion 2840  +-+-+-+-+-+-+-+-+-+-+-+-+-+-+-+-+-+-+-+-+-+-+-+-+-

Solucion peor. Costo: 614.747
Lista tabu: [((12,11,3.606:311),1), ((11,1,33.377:10),1), ((16,14,9.0:405),1), ((9,10,7.28:249),2), ((13,12,1.414:342),2), ((17,13,12.53:376),2), ((10,13,8.485:282),1), ((9,10,7.28:249),3), ((13,12,1.414:342),3), ((17,13,12.53:376),3), ((13,10,8.485:282),2), ((17,13,12.53:376),4), ((12,11,3.606:311),4), ((11,13,5.0:312),3), ((26,25,5.831:745),5), ((7,2,8.0:36),5), ((7,26,12.166:205),4), ((16,14,9.0:405),6), ((14,8,12.042:223),6), ((9,10,7.28:249),6), ((9,14,19.723:253),5)]

+-+-+-+-+-+-+-+-+-+-+-+-+-+-+-+-+-+-+-+-+-+-+-+-+- Iteracion 2843  +-+-+-+-+-+-+-+-+-+-+-+-+-+-+-+-+-+-+-+-+-+-+-+-+-


Ruta #1: [1, 19, 24, 22, 15, 9, 10, 18, 8, 13, 12, 11]
Costo asociado: 156.57899999999998      Capacidad: 4275.0

Ruta #2: [1, 27, 28, 30, 26, 25, 7, 2, 6, 5, 4, 23, 21, 20]
Costo asociado: 196.78700000000003      Capacidad: 4375.0

Ruta #3: [1, 17, 14, 16, 29, 3]
Costo asociado: 254.64299999999997      Capacidad: 4100.0

--> Costo total: 608.009          Capacidad total: 12750.0

+-+-+-+-+-+-+-+-+-+-+-+-+-+-+-+-+-+-+-+-+-+-+-+-+- Iteracion 2843  +-+-+-+-+-+-+-+-+-+-+-+-+-+-+-+-+-+-+-+-+-+-+-+-+-

Solucion peor. Costo: 608.009
Lista tabu: [((17,13,12.53:376),1), ((12,11,3.606:311),1), ((26,25,5.831:745),2), ((7,2,8.0:36),2), ((7,26,12.166:205),1), ((16,14,9.0:405),3), ((14,8,12.042:223),3), ((9,10,7.28:249),3), ((9,14,19.723:253),2), ((1,16,37.014:15),8), ((16,14,9.0:405),8), ((18,17,16.492:497),8), ((17,13,12.53:376),8), ((16,18,17.205:467),6), ((25,7,8.602:204),5), ((2,6,13.416:35),5), ((6,7,18.439:156),4), ((15,9,3.0:254),6), ((18,16,17.205:467),6), ((18,15,12.53:437),5)]

+-+-+-+-+-+-+-+-+-+-+-+-+-+-+-+-+-+-+-+-+-+-+-+-+- Iteracion 2845  +-+-+-+-+-+-+-+-+-+-+-+-+-+-+-+-+-+-+-+-+-+-+-+-+-


Ruta #1: [1, 19, 24, 22, 15, 9, 10, 18, 8, 13, 12, 11]
Costo asociado: 156.57899999999998      Capacidad: 4275.0

Ruta #2: [1, 21, 23, 4, 5, 6, 2, 7, 25, 26, 30, 28, 27, 20]
Costo asociado: 195.75400000000002      Capacidad: 4375.0

Ruta #3: [1, 17, 14, 16, 29, 3]
Costo asociado: 254.64299999999997      Capacidad: 4100.0

--> Costo total: 606.9759999999999          Capacidad total: 12750.0

+-+-+-+-+-+-+-+-+-+-+-+-+-+-+-+-+-+-+-+-+-+-+-+-+- Iteracion 2845  +-+-+-+-+-+-+-+-+-+-+-+-+-+-+-+-+-+-+-+-+-+-+-+-+-

Solucion peor. Costo: 606.976
Lista tabu: [((16,14,9.0:405),1), ((14,8,12.042:223),1), ((9,10,7.28:249),1), ((1,16,37.014:15),6), ((16,14,9.0:405),6), ((18,17,16.492:497),6), ((17,13,12.53:376),6), ((16,18,17.205:467),4), ((25,7,8.602:204),3), ((2,6,13.416:35),3), ((6,7,18.439:156),2), ((15,9,3.0:254),4), ((18,16,17.205:467),4), ((18,15,12.53:437),3), ((14,8,12.042:223),9), ((8,29,97.652:238),9), ((18,16,17.205:467),9), ((16,13,9.0:375),9), ((8,18,17.029:227),7), ((10,18,4.123:287),6), ((8,13,22.472:222),6), ((13,18,11.18:377),5)]

+-+-+-+-+-+-+-+-+-+-+-+-+-+-+-+-+-+-+-+-+-+-+-+-+- Iteracion 2855  +-+-+-+-+-+-+-+-+-+-+-+-+-+-+-+-+-+-+-+-+-+-+-+-+-


Ruta #1: [1, 19, 24, 22, 15, 9, 10, 18, 13, 12, 11]
Costo asociado: 128.25799999999998      Capacidad: 4125.0

Ruta #2: [1, 21, 23, 4, 5, 6, 2, 7, 25, 26, 30, 28, 27, 20]
Costo asociado: 195.75400000000002      Capacidad: 4375.0

Ruta #3: [1, 17, 8, 14, 16, 29, 3]
Costo asociado: 278.376      Capacidad: 4250.0

--> Costo total: 602.3879999999999          Capacidad total: 12750.0

+-+-+-+-+-+-+-+-+-+-+-+-+-+-+-+-+-+-+-+-+-+-+-+-+- Iteracion 2855  +-+-+-+-+-+-+-+-+-+-+-+-+-+-+-+-+-+-+-+-+-+-+-+-+-

Solucion peor. Costo: 602.388
Lista tabu: [((1,27,46.872:26),1), ((21,20,5.831:590),1), ((22,15,33.242:441),1), ((9,10,7.28:249),1), ((24,22,19.313:653),2), ((22,15,33.242:441),2), ((12,11,3.606:311),2), ((11,1,33.377:10),2), ((15,11,14.318:314),1), ((12,11,3.606:311),3), ((11,1,33.377:10),3), ((16,29,80.66:478),3), ((11,16,7.211:315),2), ((12,11,3.606:311),4), ((11,1,33.377:10),4), ((14,16,9.0:405),4), ((11,14,14.318:313),3), ((24,22,19.313:653),5), ((22,15,33.242:441),5), ((12,11,3.606:311),5), ((11,1,33.377:10),5), ((15,11,14.318:314),4), ((15,9,3.0:254),6), ((9,10,7.28:249),6), ((17,14,3.606:406),6), ((14,16,9.0:405),6), ((9,16,17.029:255),5)]

+-+-+-+-+-+-+-+-+-+-+-+-+-+-+-+-+-+-+-+-+-+-+-+-+- Iteracion 2886  +-+-+-+-+-+-+-+-+-+-+-+-+-+-+-+-+-+-+-+-+-+-+-+-+-


Ruta #1: [1, 19, 24, 22, 15, 9, 10, 18, 13, 12, 11]
Costo asociado: 128.25799999999998      Capacidad: 4125.0

Ruta #2: [1, 21, 23, 4, 5, 6, 2, 7, 25, 26, 30, 28, 27, 29]
Costo asociado: 224.877      Capacidad: 4125.0

Ruta #3: [1, 17, 8, 14, 16, 20, 3]
Costo asociado: 229.513      Capacidad: 4500.0

--> Costo total: 582.648          Capacidad total: 12750.0

+-+-+-+-+-+-+-+-+-+-+-+-+-+-+-+-+-+-+-+-+-+-+-+-+- Iteracion 2886  +-+-+-+-+-+-+-+-+-+-+-+-+-+-+-+-+-+-+-+-+-+-+-+-+-

Solucion peor. Costo: 582.648
Lista tabu: [((6,2,13.416:35),1), ((7,25,8.602:204),1), ((15,9,3.0:254),2), ((18,13,11.18:0),2), ((13,9,8.062:252),1), ((25,26,5.831:745),3), ((30,28,14.0:839),3), ((26,28,13.0:777),2), ((21,23,8.544:622),4), ((27,20,32.696:596),4), ((20,23,14.318:592),3), ((13,12,1.414:342),5), ((12,11,3.606:311),5), ((14,16,9.0:405),5), ((16,29,80.66:478),5), ((12,14,12.806:343),4), ((9,10,7.28:249),6), ((12,11,3.606:311),6), ((9,12,9.0:251),5)]

Ruta #1: [1, 19, 24, 22, 15, 9, 10, 18, 13, 12, 11, 17]
Costo asociado: 150.79199999999997      Capacidad: 4275.0

Ruta #2: [1, 27, 28, 30, 26, 25, 7, 2, 6, 5, 4, 23, 21, 20]
Costo asociado: 196.78700000000003      Capacidad: 4375.0

Ruta #3: [1, 16, 14, 8, 29, 3]
Costo asociado: 273.98      Capacidad: 4100.0

--> Costo total: 621.559          Capacidad total: 12750.0

+-+-+-+-+-+-+-+-+-+-+-+-+-+-+-+-+-+-+-+-+-+-+-+-+- Iteracion 3198  +-+-+-+-+-+-+-+-+-+-+-+-+-+-+-+-+-+-+-+-+-+-+-+-+-


Ruta #1: [1, 19, 24, 22, 15, 9, 10, 18, 13, 12, 17]
Costo asociado: 146.587      Capacidad: 4175.0

Ruta #2: [1, 27, 28, 30, 26, 25, 7, 2, 6, 5, 4, 23, 21, 20]
Costo asociado: 196.78700000000003      Capacidad: 4375.0

Ruta #3: [1, 11, 16, 14, 8, 29, 3]
Costo asociado: 277.554      Capacidad: 4200.0

--> Costo total: 620.928          Capacidad total: 12750.0

+-+-+-+-+-+-+-+-+-+-+-+-+-+-+-+-+-+-+-+-+-+-+-+-+- Iteracion 3198  +-+-+-+-+-+-+-+-+-+-+-+-+-+-+-+-+-+-+-+-+-+-+-+-+-

Solucion peor. Costo: 620.928
Lista tabu: [((10,18,4.123:287),1), ((18,13,11.18:377),1), ((16,14,9.0:405),1), ((5,4,13.038:94),2), ((7,2,8.0:36),2), ((25,7,8.602:204),2), ((7,5,11.705:126),1), ((16,14,9.0:405),3), ((14,8,12.042:223),3), ((9,10,7.28:249),3), ((9,14,19.723:253),2), ((9,10,7.28:249),4), ((12,11,3.606:311),4), ((10,11,13.454:280),3), ((28,30,14.0:839),5), ((26,25,5.831:745),5), ((25,30,8.544:749),4), ((28,30,14.0:839),6), ((25,7,8.602:204),6), ((28,25,18.788:747),5)]

+-+-+-+-+-+-+-+-+-+-+-+-+-+-+-+-+-+-+-+-+-+-+-+-+- Iteracion 3225  +-+-+-+-+-+-+-+-+-+-+-+-+-+-+-+-+-+-+-+-+-+-+-+-+-


Ruta #1: [1, 19, 24, 22, 15, 9, 10, 18, 13, 12]
