+-+-+-+-+-+-+-+-+-+-+-+-+-+-+ GRAFO CARGADO +-+-+-+-+-+-+-+-+-+-+-+-+-+-+-
        1         2         3         4         5         6         7         8         9         10        11        12        13        14        15        16        17        18        19        20        21        22        23
1     0         47.011    41.881    49.739    62.626    64.444    35.777    27.785    45.0    37.121    33.526    22.023    7.071    30.806    49.041    65.253    54.708    63.953    22.023    43.932    50.249    60.729    80.722    
2     47.011    0         15.232    18.439    78.026    77.233    13.928    57.775    65.765    46.174    39.319    33.541    41.037    36.674    43.829    39.446    30.48    58.822    65.307    82.462    71.449    102.927    96.135    
3     41.881    15.232    0         8.246    85.51    85.376    21.024    59.682    71.113    52.953    45.891    36.014    37.577    42.579    28.653    28.636    18.028    44.045    56.4    70.937    57.035    101.637    80.957    
4     49.739    18.439    8.246    0         93.059    92.763    27.893    67.897    79.025    60.531    53.46    44.102    45.695    50.249    27.659    21.541    12.042    41.183    63.032    76.026    59.304    109.772    80.808    
5     62.626    78.026    85.51    93.059    0         4.123    65.376    35.355    17.692    32.558    39.623    50.922    59.363    42.953    106.231    114.14    103.368    122.654    78.873    100.439    112.805    57.706    143.283    
6     64.444    77.233    85.376    92.763    4.123    0         64.938    37.643    20.0    32.573    39.56    51.478    60.803    43.012    106.93    114.004    103.325    123.438    81.4    103.175    114.691    61.814    145.165    
7     35.777    13.928    21.024    27.893    65.376    64.938    0         43.863    52.24    33.015    26.0    19.723    29.155    23.087    47.381    49.336    39.0    63.702    56.045    75.326    69.26    89.308    96.602    
8     27.785    57.775    59.682    67.897    35.355    37.643    43.863    0         17.692    20.248    22.804    24.352    25.962    23.345    74.733    87.052    76.059    90.521    43.829    65.863    77.621    46.69    108.074    
9     45.0    65.765    71.113    79.025    17.692    20.0    52.24    17.692    0         19.925    26.476    35.355    42.059    29.155    89.811    99.504    88.566    106.042    61.4    83.217    95.131    50.09    125.607    
10    37.121    46.174    52.953    60.531    32.558    32.573    33.015    20.248    19.925    0         7.071    19.416    31.623    10.44    74.706    81.584    70.831    91.302    57.871    80.324    86.052    65.437    116.181    
11    33.526    39.319    45.891    53.46    39.623    39.56    26.0    22.804    26.476    7.071    0         13.454    27.313    3.606    68.096    74.525    63.789    84.723    55.109    77.369    81.025    69.311    110.887    
12    22.023    33.541    36.014    44.102    50.922    51.478    19.723    24.352    35.355    19.416    13.454    0         15.133    10.0    55.462    64.195    53.235    72.007    44.045    65.765    67.676    69.635    97.453    
13    7.071    41.037    37.577    45.695    59.363    60.803    29.155    25.962    42.059    31.623    27.313    15.133    0         24.352    48.836    62.801    51.971    64.56    29.0    50.636    54.562    64.078    84.865    
14    30.806    36.674    42.579    50.249    42.953    43.012    23.087    23.345    29.155    10.44    3.606    10.0    24.352    0         64.498    71.197    60.415    81.123    52.612    74.733    77.666    70.036    107.448    
15    49.041    43.829    28.653    27.659    106.231    106.93    47.381    74.733    89.811    74.706    68.096    55.462    48.836    64.498    0         23.601    19.235    16.643    52.0    57.28    34.176    108.19    53.151    
16    65.253    39.446    28.636    21.541    114.14    114.004    49.336    87.052    99.504    81.584    74.525    64.195    62.801    71.197    23.601    0         11.0    28.0    73.246    80.722    57.245    125.96    71.063    
17    54.708    30.48    18.028    12.042    103.368    103.325    39.0    76.059    88.566    70.831    63.789    53.235    51.971    60.415    19.235    11.0    0         30.083    64.203    73.817    53.16    115.434    71.449    
18    63.953    58.822    44.045    41.183    122.654    123.438    63.702    90.521    106.042    91.302    84.723    72.007    64.56    81.123    16.643    28.0    30.083    0         62.968    62.769    34.713    121.202    43.105    
19    22.023    65.307    56.4    63.032    78.873    81.4    56.045    43.829    61.4    57.871    55.109    44.045    29.0    52.612    52.0    73.246    64.203    62.968    0         22.472    37.947    59.135    67.119    
20    43.932    82.462    70.937    76.026    100.439    103.175    75.326    65.863    83.217    80.324    77.369    65.765    50.636    74.733    57.28    80.722    73.817    62.769    22.472    0         29.411    71.512    52.173    
21    50.249    71.449    57.035    59.304    112.805    114.691    69.26    77.621    95.131    86.052    81.025    67.676    54.562    77.666    34.176    57.245    53.16    34.713    37.947    29.411    0         96.338    30.48    
22    60.729    102.927    101.637    109.772    57.706    61.814    89.308    46.69    50.09    65.437    69.311    69.635    64.078    70.036    108.19    125.96    115.434    121.202    59.135    71.512    96.338    0         123.369    
23    80.722    96.135    80.957    80.808    143.283    145.165    96.602    108.074    125.607    116.181    110.887    97.453    84.865    107.448    53.151    71.063    71.449    43.105    67.119    52.173    30.48    123.369    0         


Demandas:
1: 0.0
2: 125.0
3: 84.0
4: 60.0
5: 500.0
6: 300.0
7: 175.0
8: 350.0
9: 150.0
10: 1100.0
11: 4100.0
12: 225.0
13: 300.0
14: 250.0
15: 500.0
16: 150.0
17: 100.0
18: 250.0
19: 120.0
20: 600.0
21: 500.0
22: 175.0
23: 75.0
+-+-+-+-+-+-+-+-+-+-+-+-+-+-+-+ SOLUCION INICIAL +-+-+-+-+-+-+-+-+-+-+-+-+-+-+-+-

Ruta #1: [1, 5, 8, 22, 9, 6, 10, 12, 13]
Costo asociado: 288.954      Capacidad: 3100.0

Ruta #2: [1, 11, 14]
Costo asociado: 67.938      Capacidad: 4350.0

Ruta #3: [1, 2, 7, 3, 4, 16, 17, 18, 23, 21, 15, 19, 20]
Costo asociado: 378.998      Capacidad: 2739.0

--> Costo total: 735.89          Capacidad total: 10189.0

+-+-+-+-+-+-+-+-+-+-+-+-+-+-+-+-+-+-+-+-+-+-+-+-+- Iteracion 1  +-+-+-+-+-+-+-+-+-+-+-+-+-+-+-+-+-+-+-+-+-+-+-+-+-


Ruta #1: [1, 8, 5, 22, 9, 6, 10, 12, 13]
Costo asociado: 265.129      Capacidad: 3100.0

Ruta #2: [1, 11, 14]
Costo asociado: 67.938      Capacidad: 4350.0

Ruta #3: [1, 2, 7, 3, 4, 16, 17, 18, 23, 21, 15, 19, 20]
Costo asociado: 378.998      Capacidad: 2739.0

--> Costo total: 712.065          Capacidad total: 10189.0

La solución anterior duró 0min 0seg    -------> Nuevo optimo local. Costo: 712.065       ==> Optimo: 569.0  Desvio: 25.1%
Lista tabu: []

+-+-+-+-+-+-+-+-+-+-+-+-+-+-+-+-+-+-+-+-+-+-+-+-+- Iteracion 2  +-+-+-+-+-+-+-+-+-+-+-+-+-+-+-+-+-+-+-+-+-+-+-+-+-


Ruta #1: [1, 8, 5, 22, 9, 6, 10, 12, 13]
Costo asociado: 265.129      Capacidad: 3100.0

Ruta #2: [1, 11, 14]
Costo asociado: 67.938      Capacidad: 4350.0

Ruta #3: [1, 2, 7, 3, 4, 15, 16, 17, 18, 23, 21, 19, 20]
Costo asociado: 360.488      Capacidad: 2739.0

--> Costo total: 693.5550000000001          Capacidad total: 10189.0

La solución anterior duró 0min 0seg    -------> Nuevo optimo local. Costo: 693.555       ==> Optimo: 569.0  Desvio: 21.9%
Lista tabu: [((1,5,62.626:4),8), ((8,22,46.69:182),8), ((1,8,27.785:7),6)]

+-+-+-+-+-+-+-+-+-+-+-+-+-+-+-+-+-+-+-+-+-+-+-+-+- Iteracion 4  +-+-+-+-+-+-+-+-+-+-+-+-+-+-+-+-+-+-+-+-+-+-+-+-+-


Ruta #1: [1, 13, 12, 10, 9, 6, 22, 5, 8]
Costo asociado: 264.205      Capacidad: 3100.0

Ruta #2: [1, 11, 14]
Costo asociado: 67.938      Capacidad: 4350.0

Ruta #3: [1, 2, 7, 3, 4, 15, 16, 17, 18, 23, 21, 19, 20]
Costo asociado: 360.488      Capacidad: 2739.0

--> Costo total: 692.631          Capacidad total: 10189.0

La solución anterior duró 0min 0seg    -------> Nuevo optimo local. Costo: 692.631       ==> Optimo: 569.0  Desvio: 21.7%
Lista tabu: [((1,5,62.626:4),6), ((8,22,46.69:182),6), ((1,8,27.785:7),4), ((4,16,21.541:84),7), ((15,19,52.0:340),7), ((21,15,34.176:342),7), ((15,16,23.601:337),5), ((11,14,3.606:243),5), ((14,1,30.806:13),5), ((10,12,19.416:218),5), ((12,13,15.133:265),5), ((11,12,13.454:241),4)]

+-+-+-+-+-+-+-+-+-+-+-+-+-+-+-+-+-+-+-+-+-+-+-+-+- Iteracion 8  +-+-+-+-+-+-+-+-+-+-+-+-+-+-+-+-+-+-+-+-+-+-+-+-+-


Ruta #1: [1, 13, 12, 10, 9, 6, 5, 22, 8]
Costo asociado: 217.84900000000002      Capacidad: 3100.0

Ruta #2: [1, 11, 14]
Costo asociado: 67.938      Capacidad: 4350.0

Ruta #3: [1, 2, 7, 3, 4, 15, 16, 17, 18, 23, 21, 19, 20]
Costo asociado: 360.488      Capacidad: 2739.0

--> Costo total: 646.2750000000001          Capacidad total: 10189.0

La solución anterior duró 0min 0seg    -------> Nuevo optimo local. Costo: 646.275       ==> Optimo: 569.0  Desvio: 13.600000000000001%
Lista tabu: [((1,5,62.626:4),2), ((8,22,46.69:182),2), ((4,16,21.541:84),3), ((15,19,52.0:340),3), ((21,15,34.176:342),3), ((15,16,23.601:337),1), ((11,14,3.606:243),1), ((14,1,30.806:13),1), ((10,12,19.416:218),1), ((12,13,15.133:265),1), ((22,9,50.09:205),5), ((6,10,32.573:124),5), ((10,9,19.925:193),3), ((11,14,3.606:243),3), ((14,1,30.806:13),3), ((13,12,15.133:265),3), ((12,14,10.0:266),2), ((1,2,47.011:1),4), ((19,20,22.472:433),4), ((21,19,37.947:434),4), ((1,19,22.023:18),3), ((3,4,8.246:49),5), ((2,7,13.928:29),5), ((1,2,47.011:1),5), ((2,4,18.439:26),4)]

+-+-+-+-+-+-+-+-+-+-+-+-+-+-+-+-+-+-+-+-+-+-+-+-+- Iteracion 14  +-+-+-+-+-+-+-+-+-+-+-+-+-+-+-+-+-+-+-+-+-+-+-+-+-


Ruta #1: [1, 13, 12, 10, 9, 6, 5, 22, 8]
Costo asociado: 217.84900000000002      Capacidad: 3100.0

Ruta #2: [1, 11, 14]
Costo asociado: 67.938      Capacidad: 4350.0

Ruta #3: [1, 20, 19, 21, 23, 18, 15, 16, 17, 4, 3, 7, 2]
Costo asociado: 331.431      Capacidad: 2739.0

--> Costo total: 617.2180000000001          Capacidad total: 10189.0

La solución anterior duró 0min 0seg    -------> Nuevo optimo local. Costo: 617.218       ==> Optimo: 569.0  Desvio: 8.5%
Lista tabu: [((6,22,61.814:136),3), ((5,8,35.355:99),3), ((5,6,4.123:97),1), ((11,14,3.606:243),1), ((14,1,30.806:13),1), ((13,12,15.133:265),1), ((12,10,19.416:218),1), ((10,9,19.925:193),2), ((8,1,27.785:7),2), ((22,8,46.69:182),2), ((8,9,17.692:169),1), ((12,10,19.416:218),3), ((8,1,27.785:7),3), ((22,8,46.69:182),3), ((8,12,24.352:172),2), ((1,13,7.071:12),4), ((12,10,19.416:218),4), ((1,12,22.023:11),3), ((11,14,3.606:243),5), ((14,1,30.806:13),5), ((12,10,19.416:218),5), ((10,14,10.44:220),4)]

+-+-+-+-+-+-+-+-+-+-+-+-+-+-+-+-+-+-+-+-+-+-+-+-+- Iteracion 32  +-+-+-+-+-+-+-+-+-+-+-+-+-+-+-+-+-+-+-+-+-+-+-+-+-


Ruta #1: [1, 13, 12, 10, 9, 6, 5, 22, 8]
Costo asociado: 217.84900000000002      Capacidad: 3100.0

Ruta #2: [1, 11, 14]
Costo asociado: 67.938      Capacidad: 4350.0

Ruta #3: [1, 20, 19, 21, 23, 18, 15, 16, 17, 4, 3, 2, 7]
Costo asociado: 314.405      Capacidad: 2739.0

--> Costo total: 600.192          Capacidad total: 10189.0

La solución anterior duró 0min 0seg    -------> Nuevo optimo local. Costo: 600.192       ==> Optimo: 569.0  Desvio: 5.5%
Lista tabu: [((9,6,20.0:123),1), ((5,22,57.706:113),1), ((1,13,7.071:12),2), ((12,10,19.416:218),2), ((1,12,22.023:11),1), ((12,10,19.416:218),3), ((8,1,27.785:7),3), ((22,8,46.69:182),3), ((12,8,24.352:172),2), ((9,6,20.0:123),4), ((5,22,57.706:113),4), ((5,9,17.692:100),3), ((15,16,23.601:337),5), ((17,4,12.042:85),5), ((4,16,21.541:84),4)]

+-+-+-+-+-+-+-+-+-+-+-+-+-+-+-+-+-+-+-+-+-+-+-+-+- Iteracion 49  +-+-+-+-+-+-+-+-+-+-+-+-+-+-+-+-+-+-+-+-+-+-+-+-+-


Ruta #1: [1, 13, 12, 10, 9, 6, 5, 22, 8]
Costo asociado: 217.84900000000002      Capacidad: 3100.0

Ruta #2: [1, 11, 14]
Costo asociado: 67.938      Capacidad: 4350.0

Ruta #3: [1, 19, 20, 21, 23, 18, 15, 16, 17, 4, 3, 2, 7]
Costo asociado: 283.96000000000004      Capacidad: 2739.0

--> Costo total: 569.7470000000001          Capacidad total: 10189.0

La solución anterior duró 0min 0seg    -------> Nuevo optimo local. Costo: 569.747       ==> Optimo: 569.0  Desvio: 0.1%
Lista tabu: [((11,14,3.606:243),1), ((14,1,30.806:13),1), ((2,7,13.928:29),1), ((11,14,3.606:243),2), ((14,1,30.806:13),2), ((13,12,15.133:265),2), ((12,10,19.416:218),2), ((11,12,13.454:241),1), ((3,2,15.232:25),3), ((7,1,35.777:6),3), ((3,7,21.024:52),2), ((13,12,15.133:265),4), ((12,10,19.416:218),4), ((7,1,35.777:6),4), ((7,12,19.723:149),3), ((13,12,15.133:265),5), ((12,10,19.416:218),5), ((7,1,35.777:6),5), ((7,12,19.723:149),4)]

+-+-+-+-+-+-+-+-+-+-+-+-+-+-+-+-+-+- Solucion Optima +-+-+-+-+-+-+-+-+-+-+-+-+-+-+-+-+-+-

Ruta #1: [1, 13, 12, 10, 9, 6, 5, 22, 8]
Costo asociado: 217.84900000000002      Capacidad: 3100.0

Ruta #2: [1, 11, 14]
Costo asociado: 67.938      Capacidad: 4350.0

Ruta #3: [1, 19, 20, 21, 23, 18, 15, 16, 17, 4, 3, 2, 7]
Costo asociado: 283.96000000000004      Capacidad: 2739.0


Costo total:  569.747        Optimo real:  569.0      Desviación: 0.1%

Cantidad de iteraciones: 50
Nro de vehiculos: 3
Capacidad Maxima/Vehiculo: 4500.0
Tiempo total: 0min 0seg
Tiempo de estancamiento: 0min 0seg
