+-+-+-+-+-+-+-+-+-+-+-+-+-+-+ GRAFO CARGADO +-+-+-+-+-+-+-+-+-+-+-+-+-+-+-
        1         2         3         4         5         6         7         8         9         10        11        12        13        14        15        16        17        18        19        20        21        22        23        24        25        26        27        28        29        30        31        32        33        34        35        36        37        38        39        40        41        42        43        44        45        46        47        48        49        50        51        52        53        54        55        56        57        58        59        60        61        62        63        64        65        66        67        68        69        70        71        72        73        74        75        76
1     0         25.456    14.56    19.647    7.071    25.0    9.22    14.142    15.811    23.601    26.0    29.155    12.083    22.561    27.803    27.203    19.416    8.062    34.886    23.409    36.77    27.295    30.414    31.385    33.136    33.242    6.083    16.155    24.515    18.439    14.318    37.108    22.204    17.804    10.0    18.028    33.106    32.016    26.926    22.361    14.142    36.235    36.069    31.89    20.616    14.142    11.18    26.926    20.616    28.071    29.682    11.045    14.142    22.672    27.019    42.426    37.162    28.178    20.0    38.419    43.267    34.234    22.361    22.361    43.012    31.623    36.235    5.385    7.28    37.363    41.231    39.825    20.616    20.616    20.0    3.0    
2     25.456    0         14.56    23.022    26.42    33.061    16.279    39.598    40.224    37.216    47.539    54.203    31.78    42.059    53.151    40.05    14.036    24.597    36.401    47.707    44.721    23.77    9.849    12.53    25.807    42.297    30.61    35.114    14.318    30.265    21.378    54.745    31.0    8.062    33.287    43.278    34.176    38.639    50.606    38.833    29.12    11.18    10.63    6.708    26.019    29.12    35.228    28.862    26.019    18.868    34.713    18.385    35.777    48.104    48.847    49.477    16.279    43.29    42.048    63.781    45.695    21.26    8.246    8.246    18.385    55.57    61.033    30.48    19.416    33.287    46.174    40.719    40.162    5.385    18.111    23.431    
3     14.56    14.56    0         24.207    12.728    19.925    8.544    27.785    26.87    34.482    40.2    43.382    25.02    27.514    40.46    26.077    18.028    18.248    40.361    34.059    32.311    15.264    16.401    25.08    33.615    42.485    20.616    20.616    10.05    16.0    7.0    50.249    30.414    10.44    19.799    30.61    24.083    26.401    41.485    34.525    24.739    25.632    24.187    21.19    26.627    14.56    21.932    17.804    13.0    26.833    36.62    14.765    21.633    36.359    34.438    51.108    30.017    29.017    34.234    50.99    35.609    20.0    8.485    16.492    29.698    46.174    50.567    18.358    7.28    26.077    34.986    31.145    34.015    9.22    7.211    11.705    
4     19.647    23.022    24.207    0         26.0    42.202    16.279    29.428    34.0    14.866    28.32    39.446    15.232    42.202    42.72    46.065    9.0    12.042    16.279    41.11    54.644    39.408    32.388    19.723    14.142    19.416    20.025    35.735    32.202    36.359    29.069    32.573    8.062    16.763    29.428    34.366    48.104    49.204    33.422    17.493    10.296    29.411    31.575    26.476    3.0    32.65    30.15    41.725    36.125    11.402    12.53    10.0    33.734    36.056    46.174    27.313    25.0    47.539    24.207    52.555    59.414    41.785    26.571    15.033    40.447    38.288    45.0    24.187    20.809    50.22    58.258    55.172    20.518    21.84    31.401    20.616    
5     7.071    26.42    12.728    26.0    0         18.028    12.042    15.811    14.142    30.61    31.401    31.623    18.868    17.0    27.803    20.248    24.021    15.0    41.677    21.401    29.698    22.023    29.069    34.713    38.833    40.311    11.705    10.05    21.471    11.402    9.22    43.324    29.206    19.925    7.071    18.028    26.571    25.0    31.064    29.155    21.213    37.59    36.62    33.121    27.295    7.071    9.22    20.616    14.318    33.136    36.62    16.492    9.487    24.166    22.804    49.497    40.262    21.541    25.495    38.288    36.359    30.364    21.213    25.495    42.426    35.355    38.897    7.0    7.28    31.401    34.205    33.106    26.926    21.095    15.811    5.385    
6     25.0    33.061    19.925    42.202    18.028    0         26.077    30.414    25.0    48.6    48.384    45.0    36.892    16.553    37.656    8.062    37.577    32.558    58.412    28.862    12.53    13.038    29.833    44.721    53.226    58.138    29.53    14.0    20.396    6.708    13.416    60.926    46.669    30.364    20.616    30.0    10.05    7.071    46.69    47.17    39.051    43.105    40.447    39.013    44.045    11.18    22.361    7.071    7.071    46.615    53.814    32.202    18.028    37.0    24.187    67.268    49.254    12.207    42.72    46.487    18.358    23.601    25.0    36.401    42.72    50.249    52.038    24.166    21.401    16.763    16.279    15.524    44.721    28.284    15.0    22.672    
7     9.22    16.279    8.544    16.279    12.042    26.077    0         23.345    24.597    25.962    32.757    38.013    17.117    29.017    37.014    30.676    12.166    10.0    32.558    32.202    38.588    23.707    22.136    22.804    27.514    34.0    14.422    22.0    18.111    20.616    12.806    42.048    21.954    8.602    18.028    27.203    31.89    33.015    34.928    26.173    16.279    27.019    26.907    22.672    18.439    17.464    19.698    25.495    19.849    21.378    28.425    6.403    21.378    31.828    34.713    42.72    28.46    32.757    26.926    47.634    43.139    28.16    14.318    13.601    34.132    39.812    44.944    14.422    5.099    34.482    42.012    38.949    26.077    11.662    15.652    7.616    
8     14.142    39.598    27.785    29.428    15.811    30.414    23.345    0         7.071    25.632    18.868    15.811    15.033    19.209    13.892    28.636    32.202    18.028    41.437    12.166    39.395    37.483    44.102    44.777    43.566    35.847    9.849    16.763    37.162    24.083    25.0    32.202    28.16    31.89    10.0    5.0    40.2    36.401    16.279    22.361    20.0    50.329    50.21    46.011    29.069    20.0    8.062    35.0    29.069    39.85    35.511    23.707    12.649    8.602    19.235    44.721    50.606    27.459    14.142    24.413    48.083    46.174    36.056    36.056    57.009    20.0    23.087    9.434    20.809    46.0    44.944    45.891    18.028    34.713    31.623    16.401    
9     15.811    40.224    26.87    34.0    14.142    25.0    24.597    7.071    0         32.202    25.807    20.0    20.881    12.207    13.892    22.136    35.171    22.023    47.297    7.616    32.894    33.838    43.186    47.17    48.042    42.485    14.036    11.0    35.228    19.235    22.472    39.205    33.956    33.121    7.071    5.0    35.014    30.414    22.472    29.155    25.495    51.313    50.606    46.872    34.132    15.811    5.0    30.414    25.0    43.566    41.485    26.683    7.071    12.0    12.649    51.478    52.924    20.591    21.213    24.207    41.976    43.382    35.355    38.079    56.569    25.495    27.074    10.44    20.809    41.304    38.601    40.2    25.0    35.0    29.155    17.0    
10    23.601    37.216    34.482    14.866    30.61    48.6    25.962    25.632    32.202    0         15.652    29.614    12.042    43.267    36.056    50.21    23.537    16.553    17.263    37.643    60.208    49.396    46.0    34.438    24.839    10.296    19.849    38.288    43.932    42.012    37.121    17.72    7.211    30.0    30.61    30.364    56.436    55.606    22.136    4.123    9.849    44.272    46.325    41.231    12.083    37.643    30.232    50.12    43.909    25.239    11.402    20.224    35.0    29.069    44.777    19.416    39.446    50.448    14.036    44.283    66.851    53.935    39.205    29.614    55.109    26.401    33.615    25.495    28.636    60.008    64.815    63.285    9.055    35.014    41.437    26.077    
11    26.0    47.539    40.2    28.32    31.401    48.384    32.757    18.868    25.807    15.652    0         15.033    15.811    38.013    23.77    47.413    35.511    23.087    32.573    28.425    58.138    53.151    54.818    47.802    40.224    23.087    20.025    35.341    50.249    41.761    40.112    13.454    22.204    39.56    27.857    21.932    57.723    54.781    7.0    11.662    18.868    56.436    57.697    52.773    26.173    37.363    26.401    51.971    45.706    39.598    26.926    29.155    31.305    17.493    36.797    30.265    53.263    46.325    6.0    30.067    66.483    60.133    47.074    41.183    65.924    10.77    18.028    24.515    33.061    62.801    63.561    63.891    7.81    43.966    46.0    29.0    
12    29.155    54.203    43.382    39.446    31.623    45.0    38.013    15.811    20.0    29.614    15.033    0         24.413    30.806    10.63    41.593    44.688    30.414    46.872    18.385    52.173    53.151    59.54    57.489    52.802    38.013    23.601    31.0    52.924    39.115    40.804    26.401    35.114    46.228    25.495    15.0    55.009    50.249    8.062    25.495    29.155    64.444    64.815    60.308    38.013    35.355    23.345    50.249    44.553    50.774    41.0    36.77    27.019    8.0    26.833    45.277    63.253    39.294    15.811    15.033    61.66    61.984    51.478    49.497    72.111    7.071    7.28    25.08    36.235    61.205    58.052    60.133    20.616    49.649    47.434    31.765    
13    12.083    31.78    25.02    15.232    18.868    36.892    17.117    15.033    20.881    12.042    15.811    24.413    0         31.385    27.659    38.184    20.518    7.28    26.476    27.166    48.27    39.051    39.051    33.242    29.12    22.204    7.81    26.249    35.0    30.232    26.249    25.318    13.153    23.77    18.601    20.025    45.188    43.829    19.209    10.296    5.099    41.049    42.059    37.216    14.318    25.807    18.358    39.0    32.696    26.42    20.616    13.416    23.022    20.881    33.526    31.401    38.949    38.419    10.296    37.336    55.227    45.011    31.401    25.807    50.16    24.207    30.414    13.454    18.248    49.336    53.009    51.884    9.0    28.16    31.401    14.866    
14    22.561    42.059    27.514    42.202    17.0    16.553    29.017    19.209    12.207    43.267    38.013    30.806    31.385    0         22.0    11.0    41.012    30.364    57.009    13.0    21.378    28.425    42.19    51.478    55.579    53.535    23.707    7.071    33.015    13.454    21.024    51.4    43.863    36.497    13.0    16.553    26.249    20.1    34.438    40.608    35.341    53.141    51.478    48.703    43.012    13.0    13.038    23.324    19.799    50.09    51.478    33.242    8.544    23.087    7.81    62.682    56.886    8.544    33.302    30.083    31.064    38.949    35.341    42.297    55.758    37.0    37.336    18.385    24.083    33.242    27.295    30.15    36.797    36.688    26.627    22.091    
15    27.803    53.151    40.46    42.72    27.803    37.656    37.014    13.892    13.892    36.056    23.77    10.63    27.659    22.0    0         33.0    46.065    31.78    53.009    9.0    43.186    47.539    56.851    58.669    56.754    45.541    23.707    24.042    49.092    32.573    36.359    36.359    40.2    45.607    20.809    9.899    47.676    42.048    17.493    32.14    32.757    64.031    63.702    59.666    41.976    29.547    18.601    43.681    38.626    53.488    47.011    37.59    20.616    7.0    16.763    53.6    64.498    30.15    22.204    10.63    53.038    57.245    48.918    49.93    70.093    17.692    15.811    22.672    33.941    54.342    49.163    52.086    27.166    48.104    43.046    29.732    
16    27.203    40.05    26.077    46.065    20.248    8.062    30.676    28.636    22.136    50.21    47.413    41.593    38.184    11.0    33.0    0         42.72    35.228    61.911    24.0    10.77    21.095    37.643    51.157    58.189    60.208    30.414    12.207    28.16    10.198    19.105    60.539    49.406    36.346    20.0    26.926    16.125    9.22    44.598    48.166    41.231    50.488    48.052    46.271    47.508    13.416    21.095    15.0    14.318    51.923    56.859    36.249    16.125    33.734    17.72    69.426    56.009    4.243    42.19    40.792    20.1    31.623    32.249    42.426    50.695    47.539    48.26    24.759    25.632    23.324    16.492    19.235    45.0    35.0    22.361    25.554    
17    19.416    14.036    18.028    9.0    24.021    37.577    12.166    32.202    35.171    23.537    35.511    44.688    20.518    41.012    46.065    42.72    0         14.422    23.324    42.72    50.09    32.527    23.537    12.806    15.652    28.284    22.361    34.059    24.413    32.573    24.166    41.231    17.029    8.602    29.275    36.77    42.012    44.294    39.699    25.632    16.643    21.024    22.804    17.72    12.0    29.614    30.594    35.805    30.887    9.22    20.881    8.544    33.061    39.962    46.271    35.735    18.601    44.911    30.61    56.436    53.6    33.541    18.358    6.083    31.575    44.688    50.912    24.739    17.263    43.186    53.0    49.041    27.785    13.416    24.839    19.026    
18    8.062    24.597    18.248    12.042    15.0    32.558    10.0    18.028    22.023    16.553    23.087    30.414    7.28    30.364    31.78    35.228    14.422    0         26.833    29.275    44.598    32.894    31.78    27.203    26.019    25.612    8.246    24.166    28.071    26.173    20.591    32.062    14.213    16.553    17.464    22.804    39.962    39.623    26.077    16.279    6.708    34.205    34.986    30.232    12.649    22.023    18.111    33.615    27.459    21.84    21.633    6.403    21.84    25.554    34.132    34.713    33.015    36.235    17.464    42.059    50.606    38.118    24.187    19.105    42.953    31.064    36.878    12.166    12.083    43.463    48.836    46.872    16.125    20.881    25.0    9.899    
19    34.886    36.401    40.361    16.279    41.677    58.412    32.558    41.437    47.297    17.263    32.573    46.872    26.476    57.009    53.009    61.911    23.324    26.833    0         53.6    70.803    55.444    46.239    28.071    13.153    11.314    33.526    50.99    47.707    52.431    45.343    29.732    13.342    31.906    44.011    46.39    64.351    65.437    39.294    21.378    21.84    39.115    42.426    37.656    14.422    48.549    44.272    57.983    52.402    18.248    6.0    26.249    48.466    46.011    59.908    14.036    31.145    63.063    31.257    61.522    75.69    56.824    41.677    28.231    51.352    43.324    50.596    38.626    37.014    66.219    74.518    71.421    26.306    36.715    47.508    36.359    
20    23.409    47.707    34.059    41.11    21.401    28.862    32.202    12.166    7.616    37.643    28.425    18.385    27.166    13.0    9.0    24.0    42.72    29.275    53.6    0         34.234    39.357    50.21    54.781    55.227    47.76    21.095    15.652    41.869    24.166    29.069    41.773    40.311    40.706    14.422    7.28    38.833    33.061    23.431    34.176    32.062    58.83    58.009    54.378    41.0    21.633    12.53    35.114    30.414    50.99    47.676    34.205    12.806    11.402    8.602    56.462    60.539    21.213    25.06    17.889    44.045    49.396    42.521    45.695    63.702    25.06    24.515    18.028    28.302    45.607    40.2    43.105    29.547    42.438    35.609    24.597    
21    36.77    44.721    32.311    54.644    29.698    12.53    38.588    39.395    32.894    60.208    58.138    52.173    48.27    21.378    43.186    10.77    50.09    44.598    70.803    34.234    0         22.023    40.012    56.754    65.742    70.007    40.608    22.825    31.064    18.439    25.942    71.197    58.796    42.72    30.529    37.643    12.649    6.083    55.362    58.412    50.912    54.083    51.0    50.249    56.4    22.627    31.765    16.031    19.313    59.093    66.068    44.654    26.833    44.385    27.019    79.196    61.0    13.038    52.839    50.16    10.198    31.048    36.497    48.703    51.788    58.241    58.694    35.0    33.838    18.868    6.0    11.402    55.471    40.262    26.683    34.713    
22    27.295    23.77    15.264    39.408    22.023    13.038    23.707    37.483    33.838    49.396    53.151    53.151    39.051    28.425    47.539    21.095    32.527    32.894    55.444    39.357    22.023    0         18.0    36.249    47.634    57.706    33.136    23.707    9.487    15.264    13.038    64.327    45.651    24.083    27.659    38.601    10.44    16.125    53.085    49.041    39.56    32.249    29.017    28.636    41.881    18.028    29.833    6.325    8.944    40.608    51.865    30.017    26.926    45.354    36.235    66.37    39.85    25.239    47.17    57.245    21.932    10.63    15.652    29.411    30.083    57.315    60.415    29.017    20.881    10.817    22.561    17.0    47.854    20.248    8.062    24.331    
23    30.414    9.849    16.401    32.388    29.069    29.833    22.136    44.102    43.186    46.0    54.818    59.54    39.051    42.19    56.851    37.643    23.537    31.78    46.239    50.21    40.012    18.0    0         21.213    35.511    51.788    36.249    35.805    9.487    29.069    21.401    63.198    40.2    16.0    36.125    47.011    28.16    34.059    57.009    47.17    37.216    14.56    11.045    11.662    35.355    29.411    38.288    24.083    23.409    28.653    44.385    26.173    37.537    52.697    49.649    59.203    23.324    41.437    49.041    67.357    39.051    12.207    8.062    18.028    13.601    61.847    66.648    34.67    23.324    25.632    40.311    33.956    47.854    11.045    15.652    27.785    
24    31.385    12.53    25.08    19.723    34.713    44.721    22.804    44.777    47.17    34.438    47.802    57.489    33.242    51.478    58.669    51.157    12.806    27.203    28.071    54.781    56.754    36.249    21.213    0         15.524    36.497    34.986    44.407    26.833    41.049    32.062    52.0    27.313    15.033    40.804    49.193    46.615    50.695    52.345    37.216    29.069    11.045    14.56    10.296    22.361    39.051    42.379    41.11    37.656    10.05    28.284    21.095    44.147    52.697    57.489    42.012    5.831    54.009    43.186    69.116    58.181    33.302    20.616    9.22    23.345    57.315    63.655    36.77    27.459    45.793    58.523    53.226    40.0    16.492    30.083    30.364    
25    33.136    25.807    33.615    14.142    38.833    53.226    27.514    43.566    48.042    24.839    40.224    52.802    29.12    55.579    56.754    58.189    15.652    26.019    13.153    55.227    65.742    47.634    35.511    15.524    0         23.259    34.132    48.836    38.897    48.104    39.812    40.804    18.028    23.601    43.105    48.508    57.428    59.942    46.141    28.601    24.042    26.476    30.083    25.632    14.866    44.922    44.011    51.313    46.53    7.071    15.264    22.361    47.265    50.0    60.033    27.166    18.028    60.166    37.121    66.408    69.065    47.011    32.527    18.385    38.833    50.774    57.801    38.013    32.573    58.052    68.6    64.405    32.757    27.586    40.224    33.541    
26    33.242    42.297    42.485    19.416    40.311    58.138    34.0    35.847    42.485    10.296    23.087    38.013    22.204    53.535    45.541    60.208    28.284    25.612    11.314    47.76    70.007    57.706    51.788    36.497    23.259    0         30.0    48.415    51.264    51.662    46.043    18.439    12.083    36.139    40.804    40.497    65.46    65.192    30.067    13.601    19.105    47.265    50.04    45.011    16.492    47.381    40.497    59.076    53.009    26.476    8.246    27.731    45.222    38.639    55.036    9.22    40.522    60.605    23.345    53.0    76.217    61.033    45.88    34.132    59.034    33.541    40.792    35.609    37.443    68.476    74.411    72.422    18.439    41.231    49.649    35.468    
27    6.083    30.61    20.616    20.025    11.705    29.53    14.422    9.849    14.036    19.849    20.025    23.601    7.81    23.707    23.707    30.414    22.361    8.246    33.526    21.095    40.608    33.136    36.249    34.986    34.132    30.0    0         18.439    30.594    22.825    20.1    31.623    20.248    22.672    10.817    14.56    38.275    36.359    20.881    17.804    11.705    41.012    41.231    36.797    20.1    18.358    10.77    32.28    25.962    30.083    27.857    13.892    15.264    17.804    26.476    39.205    40.817    30.61    14.036    34.132    47.885    40.311    28.231    26.401    48.549    25.632    30.529    5.657    13.342    42.953    45.486    44.777    15.232    26.077    26.019    9.055    
28    16.155    35.114    20.616    35.735    10.05    14.0    22.0    16.763    11.0    38.288    35.341    31.0    26.249    7.071    24.042    12.207    34.059    24.166    50.99    15.652    22.825    23.707    35.805    44.407    48.836    48.415    18.439    0         26.907    8.544    14.422    48.374    38.079    29.428    7.81    16.0    24.021    19.647    32.985    36.069    29.682    46.239    44.721    41.785    36.77    6.403    8.944    19.647    14.765    43.186    45.651    26.476    4.123    23.0    13.892    57.628    49.82    12.207    30.017    33.541    31.321    33.838    28.653    35.228    49.406    36.346    38.053    12.806    17.029    30.414    28.231    29.275    32.802    29.732    20.518    15.297    
29    24.515    14.318    10.05    32.202    21.471    20.396    18.111    37.162    35.228    43.932    50.249    52.924    35.0    33.015    49.092    28.16    24.413    28.071    47.707    41.869    31.064    9.487    9.487    26.833    38.897    51.264    30.594    26.907    0         19.723    12.806    60.133    39.217    15.811    28.302    39.446    19.925    25.02    51.42    44.283    34.366    23.022    20.1    19.235    34.928    20.518    30.529    15.033    13.928    31.828    44.721    23.77    29.069    45.618    40.608    59.506    30.364    31.953    44.283    59.405    31.385    10.05    6.403    20.518    22.825    56.045    60.166    27.857    17.263    19.209    32.016    26.401    44.0    11.314    6.403    21.587    
30    18.439    30.265    16.0    36.359    11.402    6.708    20.616    24.083    19.235    42.012    41.761    39.115    30.232    13.454    32.573    10.198    32.573    26.173    52.431    24.166    18.439    15.264    29.069    41.049    48.104    51.662    22.825    8.544    19.723    0         9.0    54.231    40.361    26.173    14.142    24.187    16.125    13.601    40.311    40.497    32.558    41.0    38.897    36.674    38.013    4.472    16.031    11.18    6.403    41.761    47.634    26.42    12.166    31.145    21.213    60.828    46.011    13.038    36.056    42.048    25.06    25.612    22.804    32.249    42.544    44.045    46.271    17.464    15.652    22.091    22.804    22.136    38.013    25.08    13.416    16.279    
31    14.318    21.378    7.0    29.069    9.22    13.416    12.806    25.0    22.472    37.121    40.112    40.804    26.249    21.024    36.359    19.105    24.166    20.591    45.343    29.069    25.942    13.038    21.401    32.062    39.812    46.043    20.1    14.422    12.806    9.0    0         51.42    34.205    17.263    15.652    26.833    19.416    20.248    40.2    36.401    27.295    32.28    30.463    27.893    31.113    8.062    17.889    13.038    7.071    33.242    41.037    19.105    16.279    33.242    28.302    55.0    37.014    22.023    34.132    46.615    30.414    21.19    14.318    23.345    35.0    44.553    48.083    16.125    8.602    23.087    29.206    26.401    34.928    16.125    6.708    11.402    
32    37.108    54.745    50.249    32.573    43.324    60.926    42.048    32.202    39.205    17.72    13.454    26.401    25.318    51.4    36.359    60.539    41.231    32.062    29.732    41.773    71.197    64.327    63.198    52.0    40.804    18.439    31.623    48.374    60.133    54.231    51.42    0         24.698    47.265    40.706    35.384    69.893    67.543    18.868    16.031    26.019    61.984    64.031    58.941    29.732    49.769    39.446    63.891    57.567    42.485    25.612    37.054    44.418    30.61    50.21    21.84    56.798    59.641    18.358    40.804    79.202    70.178    56.009    47.297    72.78    19.925    26.306    36.77    43.566    74.465    76.479    76.322    16.492    52.154    56.719    40.025    
33    22.204    31.0    30.414    8.062    29.206    46.669    21.954    28.16    33.956    7.211    22.204    35.114    13.153    43.863    40.2    49.406    17.029    14.213    13.342    40.311    58.796    45.651    40.2    27.313    18.028    12.083    20.248    38.079    39.217    40.361    34.205    24.698    0         24.331    30.871    33.136    53.6    53.74    28.178    10.63    8.544    37.363    39.623    34.525    5.099    36.235    31.016    47.202    41.231    18.028    7.616    15.652    35.341    33.242    46.573    20.809    32.249    50.249    19.313    49.244    64.537    49.041    33.956    23.087    48.508    32.757    39.825    25.495    25.612    56.436    62.936    60.605    14.765    29.428    37.59    24.083    
34    17.804    8.062    10.44    16.763    19.925    30.364    8.602    31.89    33.121    30.0    39.56    46.228    23.77    36.497    45.607    36.346    8.602    16.553    31.906    40.706    42.72    24.083    16.0    15.033    23.601    36.139    22.672    29.428    15.811    26.173    17.263    47.265    24.331    0         26.401    35.805    33.838    36.77    42.544    31.257    21.378    18.439    18.601    14.142    19.647    24.021    28.178    27.785    23.409    16.643    29.155    10.44    29.411    40.311    42.72    44.011    20.396    39.051    34.015    56.223    45.486    25.08    9.849    6.083    26.401    47.508    53.009    23.022    12.649    34.655    45.177    40.804    32.28    5.099    16.643    16.125    
35    10.0    33.287    19.799    29.428    7.071    20.616    18.028    10.0    7.071    30.61    27.857    25.495    18.601    13.0    20.809    20.0    29.275    17.464    44.011    14.422    30.529    27.659    36.125    40.804    43.105    40.804    10.817    7.81    28.302    14.142    15.652    40.706    30.871    26.401    0         11.18    30.265    26.926    26.173    28.284    22.361    44.418    43.6    39.962    30.083    10.0    2.236    25.0    19.105    38.053    38.484    21.024    4.472    17.72    17.029    50.0    46.487    19.849    22.361    31.241    38.626    36.77    28.284    31.623    49.497    30.0    32.757    5.385    13.892    36.0    35.777    36.139    25.0    28.018    22.361    10.44    
36    18.028    43.278    30.61    34.366    18.028    30.0    27.203    5.0    5.0    30.364    21.932    15.0    20.025    16.553    9.899    26.926    36.77    22.804    46.39    7.28    37.643    38.601    47.011    49.193    48.508    40.497    14.56    16.0    39.446    24.187    26.833    35.384    33.136    35.805    11.18    0         40.012    35.355    17.889    26.926    25.0    54.203    53.814    49.82    34.059    20.616    8.944    35.355    29.833    44.643    40.447    28.231    12.042    7.0    15.0    49.244    55.009    25.08    18.028    20.518    46.872    47.927    39.051    40.311    60.208    20.616    22.091    12.806    24.042    46.271    43.417    45.177    22.361    38.21    33.541    19.849    
37    33.106    34.176    24.083    48.104    26.571    10.05    31.89    40.2    35.014    56.436    57.723    55.009    45.188    26.249    47.676    16.125    42.012    39.962    64.351    38.833    12.649    10.44    28.16    46.615    57.428    65.46    38.275    24.021    19.925    16.125    19.416    69.893    53.6    33.838    30.265    40.012    0         7.81    56.436    55.462    46.648    42.579    39.205    39.051    50.329    20.396    32.14    6.403    12.53    50.478    60.308    38.288    28.0    47.011    33.615    74.404    50.289    20.248    51.923    56.321    11.662    18.439    26.0    39.446    39.319    60.133    62.073    33.242    28.018    7.211    12.166    7.071    53.488    30.414    17.205    30.414    
38    32.016    38.639    26.401    49.204    25.0    7.071    33.015    36.401    30.414    55.606    54.781    50.249    43.829    20.1    42.048    9.22    44.294    39.623    65.437    33.061    6.083    16.125    34.059    50.695    59.942    65.192    36.359    19.647    25.02    13.601    20.248    67.543    53.74    36.77    26.926    35.355    7.81    0         52.631    54.083    46.098    48.042    45.011    44.181    51.088    18.028    28.46    10.0    13.416    53.226    60.877    39.205    23.77    42.297    26.926    74.33    54.918    13.0    49.244    50.01    11.705    25.632    30.414    42.72    46.098    55.902    57.079    30.887    28.425    14.866    9.22    10.05    51.478    34.205    20.616    29.732    
39    26.926    50.606    41.485    33.422    31.064    46.69    34.928    16.279    22.472    22.136    7.0    8.062    19.209    34.438    17.493    44.598    39.699    26.077    39.294    23.431    55.362    53.085    57.009    52.345    46.141    30.067    20.881    32.985    51.42    40.311    40.2    18.868    28.178    42.544    26.173    17.889    56.436    52.631    0         18.028    23.345    60.216    61.057    56.303    31.623    36.125    24.331    51.088    45.011    44.822    33.526    32.45    28.862    12.042    32.016    37.216    57.983    42.953    9.22    23.087    64.288    61.0    49.041    45.0    68.884    5.0    11.662    24.083    34.205    62.073    61.033    62.169    13.416    46.519    46.53    29.833    
40    22.361    38.833    34.525    17.493    29.155    47.17    26.173    22.361    29.155    4.123    11.662    25.495    10.296    40.608    32.14    48.166    25.632    16.279    21.378    34.176    58.412    49.041    47.17    37.216    28.601    13.601    17.804    36.069    44.283    40.497    36.401    16.031    10.63    31.257    28.284    26.926    55.462    54.083    18.028    0         10.0    46.615    48.384    43.324    15.0    36.056    27.659    49.244    42.953    28.425    15.524    21.024    32.558    25.179    41.593    22.361    42.438    48.104    10.0    40.2    65.513    54.332    40.0    31.623    57.009    22.361    29.547    23.431    28.16    59.464    63.246    62.177    5.0    36.125    41.231    25.08    
41    14.142    29.12    24.739    10.296    21.213    39.051    16.279    20.0    25.495    9.849    18.868    29.155    5.099    35.341    32.757    41.231    16.643    6.708    21.84    32.062    50.912    39.56    37.216    29.069    24.042    19.105    11.705    29.682    34.366    32.558    27.295    26.019    8.544    21.378    22.361    25.0    46.648    46.098    23.345    10.0    0         37.59    39.0    34.015    9.22    28.284    22.472    40.311    34.132    21.633    16.155    11.045    26.833    25.962    38.079    28.284    34.655    41.881    14.142    42.379    57.201    44.407    30.0    22.361    47.434    28.284    34.828    17.0    18.788    50.16    55.317    53.535    11.18    26.173    31.623    16.401    
42    36.235    11.18    25.632    29.411    37.59    43.105    27.019    50.329    51.313    44.272    56.436    64.444    41.049    53.141    64.031    50.488    21.024    34.205    39.115    58.83    54.083    32.249    14.56    11.045    26.476    47.265    41.012    46.239    23.022    41.0    32.28    61.984    37.363    18.439    44.418    54.203    42.579    48.042    60.216    46.615    37.59    0         4.243    4.472    32.28    40.162    46.325    38.053    36.222    21.0    39.115    27.803    46.957    58.728    60.008    53.038    10.0    53.935    51.313    74.653    53.6    26.401    18.248    15.264    12.369    65.215    71.063    41.4    30.529    40.162    54.745    48.508    48.765    16.553    28.16    34.409    
43    36.069    10.63    24.187    31.575    36.62    40.447    26.907    50.21    50.606    46.325    57.697    64.815    42.059    51.478    63.702    48.052    22.804    34.986    42.426    58.009    51.0    29.017    11.045    14.56    30.083    50.04    41.231    44.721    20.1    38.897    30.463    64.031    39.623    18.601    43.6    53.814    39.205    45.011    61.057    48.384    39.0    4.243    0         5.099    34.525    38.484    45.607    35.014    33.734    24.187    42.0    28.653    45.793    58.728    58.592    56.223    14.213    51.662    52.355    74.33    50.01    22.472    16.155    16.763    9.0    66.038    71.61    41.037    29.833    36.401    51.352    44.911    50.16    15.62    25.71    33.971    
44    31.89    6.708    21.19    26.476    33.121    39.013    22.672    46.011    46.872    41.231    52.773    60.308    37.216    48.703    59.666    46.271    17.72    30.232    37.656    54.378    50.249    28.636    11.662    10.296    25.632    45.011    36.797    41.785    19.235    36.674    27.893    58.941    34.525    14.142    39.962    49.82    39.051    44.181    56.303    43.324    34.015    4.472    5.099    0         29.428    35.735    41.881    34.234    32.062    19.416    37.014    23.854    42.485    54.452    55.543    51.352    11.662    49.649    47.508    70.292    50.289    23.854    14.036    11.705    14.036    61.294    67.007    37.014    26.077    37.162    51.196    45.222    45.188    12.083    24.021    30.0    
45    20.616    26.019    26.627    3.0    27.295    44.045    18.439    29.069    34.132    12.083    26.173    38.013    14.318    43.012    41.976    47.508    12.0    12.649    14.422    41.0    56.4    41.881    35.355    22.361    14.866    16.492    20.1    36.77    34.928    38.013    31.113    29.732    5.099    19.647    30.083    34.059    50.329    51.088    31.623    15.0    9.22    32.28    34.525    29.428    0         34.132    30.594    43.932    38.184    13.454    10.0    12.042    34.482    35.171    46.53    24.597    27.459    48.754    22.472    51.546    61.522    44.598    29.411    18.028    43.417    36.401    43.267    24.739    22.672    52.697    60.208    57.385    18.439    24.739    33.838    21.954    
46    14.142    29.12    14.56    32.65    7.071    11.18    17.464    20.0    15.811    37.643    37.363    35.355    25.807    13.0    29.547    13.416    29.614    22.023    48.549    21.633    22.627    18.028    29.411    39.051    44.922    47.381    18.358    6.403    20.518    4.472    8.062    49.769    36.235    24.021    10.0    20.616    20.396    18.028    36.125    36.056    28.284    40.162    38.484    35.735    34.132    0         12.042    15.0    9.22    38.833    43.6    22.847    8.944    27.459    20.248    56.569    44.283    15.297    31.623    39.446    29.53    27.785    22.361    30.0    43.012    40.0    42.579    13.0    12.369    26.0    27.203    26.571    33.541    23.77    14.142    12.207    
47    11.18    35.228    21.932    30.15    9.22    22.361    19.698    8.062    5.0    30.232    26.401    23.345    18.358    13.038    18.601    21.095    30.594    18.111    44.272    12.53    31.765    29.833    38.288    42.379    44.011    40.497    10.77    8.944    30.529    16.031    17.889    39.446    31.016    28.178    2.236    8.944    32.14    28.46    24.331    27.659    22.472    46.325    45.607    41.881    30.594    12.042    0         27.019    21.213    39.205    38.626    22.204    5.0    15.524    16.031    49.649    48.104    20.518    21.095    29.069    40.162    39.0    30.414    33.242    51.624    28.018    30.594    6.0    15.811    38.013    37.162    37.855    24.083    30.0    24.597    12.083    
48    26.926    28.862    17.804    41.725    20.616    7.071    25.495    35.0    30.414    50.12    51.971    50.249    39.0    23.324    43.681    15.0    35.805    33.615    57.983    35.114    16.031    6.325    24.083    41.11    51.313    59.076    32.28    19.647    15.033    11.18    13.038    63.891    47.202    27.785    25.0    35.355    6.403    10.0    51.088    49.244    40.311    38.053    35.014    34.234    43.932    15.0    27.019    0         6.325    44.418    53.907    31.89    23.345    42.297    31.064    68.007    45.122    19.209    46.098    52.924    17.804    16.643    20.616    33.541    36.401    55.0    57.428    27.459    21.633    11.0    17.464    13.454    47.434    24.698    11.18    24.166    
49    20.616    26.019    13.0    36.125    14.318    7.071    19.849    29.069    25.0    43.909    45.706    44.553    32.696    19.799    38.626    14.318    30.887    27.459    52.402    30.414    19.313    8.944    23.409    37.656    46.53    53.009    25.962    14.765    13.928    6.403    7.071    57.567    41.231    23.409    19.105    29.833    12.53    13.416    45.011    42.953    34.132    36.222    33.734    32.062    38.184    9.22    21.213    6.325    0         39.812    48.104    26.173    18.028    36.674    27.586    62.008    42.19    18.028    39.812    48.301    23.345    19.209    18.028    29.411    36.674    49.041    51.788    21.213    15.62    17.117    22.204    19.416    41.11    21.213    8.062    17.889    
50    28.071    18.868    26.833    11.402    33.136    46.615    21.378    39.85    43.566    25.239    39.598    50.774    26.42    50.09    53.488    51.923    9.22    21.84    18.248    50.99    59.093    40.608    28.653    10.05    7.071    26.476    30.083    43.186    31.828    41.761    33.242    42.485    18.028    16.643    38.053    44.643    50.478    53.226    44.822    28.425    21.633    21.0    24.187    19.416    13.454    38.833    39.205    44.418    39.812    0         18.248    17.029    42.0    47.011    55.082    32.062    14.318    54.129    35.609    63.561    62.129    40.0    25.456    11.314    33.136    49.679    56.4    33.242    26.476    50.99    61.774    57.428    31.828    20.518    33.287    28.018    
51    29.682    34.713    36.62    12.53    36.62    53.814    28.425    35.511    41.485    11.402    26.926    41.0    20.616    51.478    47.011    56.859    20.881    21.633    6.0    47.676    66.068    51.865    44.385    28.284    15.264    8.246    27.857    45.651    44.721    47.634    41.037    25.612    7.616    29.155    38.484    40.447    60.308    60.877    33.526    15.524    16.155    39.115    42.0    37.014    10.0    43.6    38.626    53.907    48.104    18.248    0         22.023    42.953    40.012    54.12    14.866    32.28    57.801    25.318    55.579    71.449    54.231    39.0    26.476    51.0    37.696    44.944    33.106    32.527    62.682    70.036    67.357    20.396    34.176    43.829    31.401    
52    11.045    18.385    14.765    10.0    16.492    32.202    6.403    23.707    26.683    20.224    29.155    36.77    13.416    33.242    37.59    36.249    8.544    6.403    26.249    34.205    44.654    30.017    26.173    21.095    22.361    27.731    13.892    26.476    23.77    26.42    19.105    37.054    15.652    10.44    21.024    28.231    38.288    39.205    32.45    21.024    11.045    27.803    28.653    23.854    12.042    22.847    22.204    31.89    26.173    17.029    22.023    0         25.02    31.623    38.053    36.359    26.926    37.947    23.707    48.021    49.497    33.734    19.026    12.728    36.77    37.443    43.278    16.279    10.817    40.817    48.27    45.343    21.84    15.133    21.954    11.18    
